1000
1153
2010
6500
9226
7963
7056
9107
5498
1612
5996
1704
3477
6752
1914
5278
148
2999
8029
9680
2565
8384
4691
2579
9235
6620
7224
6131
6013
3974
4776
9598
1636
399
9954
4944
4247
892
2316
996
1183
8745
5752
2950
9283
5621
1155
1092
2713
4031
818
7527
335
9818
4566
2384
3283
4034
5365
1089
345
7997
8098
1069
6803
694
1568
914
2072
5905
3593
7283
4996
3556
6709
6140
6550
4376
1028
8592
7264
420
7975
4294
3883
4262
5202
4824
2524
8743
2547
7372
9894
2712
4022
9669
4366
2840
9462
4277
7790
6876
6498
5952
9430
7491
2425
8918
3634
7740
7715
9766
4494
1247
7040
2609
1262
5593
8366
1768
5449
4691
8036
5236
3352
2269
9446
2213
3070
994
1975
1916
7490
7319
3432
7871
8995
9992
4789
6869
2264
4480
1922
2310
9764
2687
2795
225
6720
5114
618
612
5227
6786
7148
5022
475
5384
5288
3407
9567
7320
1252
2750
2780
4886
859
3618
4173
2948
1959
3455
3441
9939
9019
2322
9511
8176
9677
4697
2005
4404
7228
989
2854
2955
2257
3625
7921
1198
8487
1763
1908
4522
2953
9454
3624
6766
341
4752
5555
8412
1309
7813
4791
7376
4261
487
1002
6597
6476
5936
7555
9855
8500
3763
9623
1759
7476
9959
2984
1716
6405
8598
9447
6555
550
1052
4965
5226
2614
2505
3951
4310
6252
3578
9862
5347
2888
4440
9543
9018
9650
7882
7567
8389
6796
1311
9847
1300
8754
6434
4485
976
1685
5928
8573
1871
8500
3990
2075
4944
3077
1353
8273
4192
7489
9229
9848
8311
6964
5833
7371
598
2132
3846
1035
4947
6146
2951
8126
297
3919
4682
6976
5716
7816
4381
2983
2470
5600
3863
7081
9855
1229
8540
549
7024
7761
5399
6088
4540
3750
6512
8107
8873
3238
7072
1695
7449
8230
9719
6164
5582
4388
2073
4551
2916
4825
1588
6634
6036
4511
8207
8410
6618
8292
1204
1023
1428
2316
1531
4545
5673
202
6579
2373
7877
617
626
2600
448
7978
5009
2514
9155
8197
821
6847
2822
487
1241
8512
6103
9260
7883
225
9000
9122
3638
1640
2163
8107
2792
8560
1395
9044
4679
8625
7344
3243
2286
8854
9887
1512
781
8913
1639
4208
3954
1055
4650
7651
7745
3375
4859
6661
765
7616
7275
3957
1728
2144
1335
3081
57
5959
589
4991
3865
3351
1740
4768
9418
5630
6882
1561
5168
8637
288
7087
8124
4686
2813
5525
8084
7952
4227
8877
2738
8564
4909
2201
1560
2711
6535
6573
771
184
2651
6724
3606
8479
1818
5939
8548
2041
3233
4915
9586
2034
392
8502
3925
7391
4435
5512
912
5312
2705
2359
1722
2673
3919
7420
8802
5419
8592
5330
231
4358
9739
9510
9506
4582
1324
3719
1523
4009
8312
7172
3100
9112
5344
7663
8157
738
2118
2744
1762
4560
9849
6355
854
715
4586
2955
8710
6412
7649
4454
1525
8804
8866
6747
7198
882
5368
2939
3309
6371
2936
9873
736
1092
1736
8874
8268
1669
2332
8691
8227
8867
9044
9084
4397
9591
9987
6770
7154
5902
9651
9196
1259
7565
2284
2083
7955
4726
374
739
493
642
130
241
8927
1178
1505
9984
54
4603
3412
3792
9417
8552
8924
5197
5538
4281
4707
5885
5636
3894
3575
6016
1831
9138
902
2044
4607
3929
3805
2347
5597
5215
3316
3887
1853
2203
8153
4967
3486
8471
8323
5924
3799
3110
1737
8778
2688
6419
3897
8700
4006
5646
7619
14
2996
1242
3651
6794
5448
4695
9747
4419
2850
8970
644
4598
7454
7028
5695
1711
8127
9339
4655
6375
2455
2688
3899
5033
1342
1937
2059
6282
5917
2082
5139
5945
5658
4517
6806
6128
125
4706
5005
7435
8078
6723
5819
983
866
631
6506
3806
5731
452
1842
9654
7681
2260
137
5952
5853
490
5438
2031
1792
7352
8576
2784
2061
6535
7097
1008
3390
9362
3526
3473
658
7698
2104
5983
8033
8108
288
2832
7923
7778
8263
9945
1697
9620
5065
9242
4033
8835
1784
5167
5645
1101
5704
3066
9817
161
5704
703
6496
996
4900
6989
1187
1678
950
4491
226
9949
4911
379
3229
3506
7341
7980
2751
3312
7819
3521
2473
4982
4391
5222
111
4576
3937
5461
7652
2969
476
5459
7233
849
8358
3171
6947
7350
3267
7939
1278
4073
1075
6930
5973
8495
3995
9833
4615
4163
5031
5278
9580
5812
5548
2431
8887
2164
1382
3656
4116
1557
6172
2041
3246
6478
1329
8109
9419
7868
7469
6904
6035
8230
1740
5472
8369
5889
5423
8639
5041
7125
2632
5697
1221
6894
4649
3231
9923
5409
2330
803
9218
812
7463
1858
7527
3167
8596
6366
2037
7186
2377
7512
4813
4717
4550
4590
6800
8035
4013
6879
4303
4593
2092
378
1192
5491
3357
9311
2402
6533
1903
671
9392
7713
2759
8070
6991
2931
1110
4472
3798
1961
9171
5554
8701
8502
3586
816
7602
6565
4891
8383
7882
7985
3560
6266
2008
597
5991
1347
9828
3729
6076
3632
8747
1456
6810
9503
6209
9915
8888
9046
5077
2968
4510
7526
3445
9940
5950
7666
7056
1772
6241
6677
6623
158
2125
9625
33
5974
4068
132
8948
346
2386
5463
4826
1215
5969
6827
2676
4978
6660
7840
8192
8472
4462
6731
3889
8974
9189
3045
9367
5334
3715
9034
8612
725
7921
8084
6594
1780
9293
3959
3512
1869
3811
54
7642
5900
473
6267
2816
3214
8851
1457
3119
7881
6431
8721
9772
2006
1888
6471
600
9154
3451
7616
6610
9338
4170
7692
7289
9465
1770
5078
7656
8829
2068
8636
4658
9051
5985
1832
3352
4015
1091
5674
9076
8165
4200
6602
354
455
5770
140
489
4234
4348
6044
6321
3938
1791
8151
6155
150
2244
1865
7481
8553
8669
2262
5574
7221
9791
7575
9980
1307
1206
5315
2118
2662
8453
1786
5750
3751
4204
221
93
5402
2548
8591
3665
3894
6284
964
5528
9523
1992
7227
829
2635