10000 39781	96014	33937	73790	62331
99372	69687	74591	45290	10345
29544	86668	74174	75549	44356
12364	24688	36145	65728	83925
91543	79698	72518	47918	98332
66389	9337	33871	42957	75530
95519	16383	61705	20863	61713
91850	39477	91070	81897	94542
42436	43527	99192	11553	40457
6976	83620	73080	950	83019
12910	55393	6254	40282	79098
18881	390	75789	51864	30254
81832	92067	42666	92894	31085
78458	50942	22747	42540	83816
96155	51994	10376	5950	25433
59032	80137	63209	39528	76320
82906	26366	66453	64513	85306
29868	44059	76131	60187	50368
24980	40573	82645	27620	4048
30502	97773	37774	57944	47560
91618	2707	18124	90739	45257
96818	97697	6487	84989	48786
49603	764	96049	44364	99847
62713	36138	59204	82384	62085
19337	63651	3312	90849	41554
88658	43833	5509	31897	80382
13164	66192	76639	94287	41317
4143	94643	59633	31351	55085
42307	47137	26408	2951	93662
34905	40597	37897	51261	54798
37071	79307	67877	92775	94742
41068	65017	92646	30160	47823
64871	35616	71791	99281	11373
6926	34119	47187	53966	57163
26918	67202	53286	72475	77635
96047	64742	48919	73251	98144
74917	58528	75766	78943	23873
26489	81091	18434	83431	17210
8239	83169	84708	91041	43204
59071	39549	742	75277	56165
78471	64191	72754	84188	36284
73094	39539	6480	72964	53265
17386	58022	16773	17856	94753
18823	32692	81382	91811	10682
38524	87087	8806	34829	6451
90752	26757	81458	22239	92687
96352	42524	29720	70217	73926
32633	92459	40361	35720	31452
52116	88553	78096	36586	58365
60097	67414	7003	38307	7666
74123	1852	85805	1680	85834
26722	3137	59903	98744	17586
9171	51598	53591	97065	16743
66067	73358	52529	34048	10940
86144	93386	34163	89421	17309
38767	99814	56712	16054	47445
69438	42536	80297	33418	56778
45218	12318	78160	31349	3529
18742	89451	47634	46417	54501
76064	91392	68777	80815	1544
91327	41457	27556	26782	21328
12899	2010	86128	68581	87512
54302	83442	37241	66901	82271
83402	44777	53039	93916	5097
45586	56901	75958	7268	59846
90942	92926	74813	77295	49016
29982	16467	21960	10770	15973
71667	3792	36665	92736	41839
87375	14681	57943	63713	27629
68866	38821	18045	31490	94115
49085	16765	88503	2874	85286
50012	21615	56322	12018	96110
86698	93245	80969	32931	43670
68379	6440	61705	76987	3498
67098	15416	43175	80976	35205
7484	29825	29771	74742	19551
11004	74292	30017	74752	19289
76195	66369	13656	52181	7904
51412	20282	37559	18368	14203
39414	48254	97905	52770	47735
89547	59091	83293	4605	19216
92967	45905	95249	7370	7912
54269	71072	8973	67084	69781
97915	24279	82226	56094	2173
89296	50874	74904	70999	31782
31055	97694	72401	1891	94324
86530	27363	59035	23661	89855
46703	87180	28539	10039	72093
32416	62265	6799	41252	57969
60188	59083	15444	88531	81632
56378	81503	54932	57655	10273
1571	70443	36169	51990	29392
1677	14106	73586	45483	6732
54306	78279	4485	54029	69198
11721	78561	51526	3754	87909
57998	96058	99351	70963	73573
45446	29901	65888	16627	75536
33182	65400	55467	18194	19987
24457	99821	47324	57244	65670
41788	75389	99903	94661	36181
95282	74397	68339	76081	79700
50428	60382	64788	81305	49239
99089	29719	25600	44353	79082
83815	2115	99899	92041	96299
54928	88069	76199	87443	18154
63727	18480	88158	64517	14621
50184	17802	62235	21549	20859
2942	7369	27209	31359	72604
36074	34904	63589	21394	17385
78096	39605	6526	27395	45795
17103	63884	89507	31182	24909
39955	24405	80856	38454	31894
69659	89250	48465	18704	94098
45823	11790	47006	20973	97042
79846	20532	66607	66827	41647
46944	41971	39230	19233	48417
90773	82957	56726	18905	37074
12066	90352	33422	11415	54126
79003	40080	56711	9712	37035
95711	22322	27321	39489	18576
57247	14173	55088	65068	97721
35104	31606	55992	75251	83639
47712	18536	59180	2113	70481
4720	83464	26575	26960	57478
57583	15069	15204	12754	50314
39265	95235	43781	52185	30932
97437	73534	77997	15645	86130
15138	32868	53463	26031	53965
84989	82266	63091	44695	29237
4009	44313	53476	74633	42467
59049	41422	77758	13199	67579
34026	19804	3479	98932	16280
22712	8441	16624	50978	14981
77318	11383	56760	10951	15526
38882	46871	38152	40028	76421
74924	20720	41076	1293	51291
41793	24697	81477	30842	94935
476	12127	65482	65704	30463
59048	43825	94053	95022	60412
48753	59458	97173	11026	19555
23274	56943	66895	45725	59068
41348	53289	79809	22794	48131
38684	68722	7349	64895	51132
58236	96093	60260	91011	998
76539	70760	12299	58416	89885
56639	89679	92060	62454	8
720	85632	69335	96716	41865
21355	53816	12000	91677	7469
82785	63986	40308	68813	2302
90838	96481	17488	81352	9670
95990	37888	88327	3381	93221
28411	61968	48135	29605	29008
75656	74737	99247	4597	53465
15253	23571	63758	71985	17643
5772	3015	34152	54260	69094
51608	6331	59173	25111	11070
79352	47517	56943	54556	67050
85107	64653	44612	16796	10116
85178	90801	96758	13454	26065
35387	20283	96065	64887	36839
87678	47698	6031	18152	42996
7047	53815	3599	16840	24593
10296	55104	97235	11197	78714
43123	14768	51957	46932	93229
57370	16309	21085	77573	81033
19402	20156	22790	80501	8087
91383	1828	77544	19437	38233
11689	90896	17865	71910	66603
48287	25205	34586	34303	14961
41494	85706	35857	2645	90216
6270	76995	78391	62090	74366
77454	75132	14745	48897	82332
5998	29460	86799	98287	86537
72099	53293	74390	45628	37298
81640	51883	66047	17220	87331
27729	52286	81895	34159	8944
35268	53111	59447	77694	69658
90593	78844	23328	87504	96059
50011	69219	47614	91371	6269
76544	24974	74496	6109	56606
35667	38939	80305	14475	97991
61883	35621	7224	99465	60318
20691	66299	91037	61075	51074
31822	76391	94057	2408	50284
95569	99302	10980	15940	69165
16769	59404	68550	65423	67465
82912	67014	83357	10245	58117
1319	38825	18966	72141	90173
44340	98954	79206	73757	1122
57775	87632	77329	6255	74303
94138	87884	75571	36783	76034
27082	60786	79975	48585	11868
36882	20687	29903	70692	44547
37775	54185	58566	34333	83721
30276	37071	83297	66102	89569
12342	44159	40238	60869	42215
25949	49657	12333	94876	2865
21408	23406	61921	4646	69194
56904	56718	1275	94654	44409
68690	53729	70946	18855	54453
56596	57525	92543	64433	61633
44517	74572	78096	96628	24231
89696	16133	33832	70850	2048
49796	40691	43567	31490	67179
87423	68178	97091	32931	82440
46617	26269	83360	94828	59749
73350	59660	45678	35428	53205
16781	72754	44925	6913	69514
46553	87096	37157	56675	168
55291	46283	44358	21870	20567
61341	68053	92488	13047	44554
31513	89485	10229	58793	89878
44804	40724	68002	47026	81373
88503	98704	17566	75199	51418
47465	77808	63914	40059	85995
82887	14263	24329	17745	86760
10096	95492	334	14911	40291
15591	88454	82712	56614	241
93703	82284	23851	8193	87022
41945	83126	18829	16433	60934
6396	47349	67978	37548	28164
74486	90092	42481	38509	80025
69404	68072	29787	66379	75452
85449	16925	5771	90113	61926
33611	1212	16665	61378	1026
47699	37872	3397	36526	52580
18878	54668	60415	91618	74654
72692	95043	26677	77989	49565
4269	28343	23906	90829	62023
22949	40436	57339	55253	46159
87097	61748	80165	10451	52350
72136	69312	22278	41693	2044
55564	7009	25216	10195	99106
61189	74687	33571	39252	22879
17898	89318	93917	90650	34370
64737	72710	31235	77729	33342
21001	63882	35910	53570	93418
22465	74173	82594	53912	47147
52161	5450	24492	60553	83111
5357	67671	4032	48916	49753
57523	58454	15827	24759	39355
74858	31348	91416	15425	39897
14410	5037	34234	56052	50467
48885	75243	82858	12435	61618
16242	53662	26037	50348	78992
84524	3013	46128	60501	43418
52156	86370	83225	98359	98252
48463	45256	10447	36590	93028
15835	18610	53750	34491	95261
85305	86565	29112	20952	24970
24934	29774	72950	97624	27910
21872	58017	37760	93045	22626
22623	11053	49787	20693	19759
26211	80429	51305	67477	61654
77176	78834	14554	73788	77125
80610	5122	61288	13206	97416
55041	75292	22537	19315	61184
27317	94829	14450	10875	98679
70346	86192	22352	72361	94637
47341	63280	91262	68156	62333
7585	3528	84854	25059	1367
84122	56754	86692	31095	83554
19853	45987	85538	25755	98511
35899	56843	83391	4735	28975
74817	44802	15413	46488	84683
90268	61664	51162	90914	85906
10690	29694	88957	70282	29181
14779	34733	586	84080	75174
63980	82484	20624	96495	49111
18172	69472	36504	1548	87101
68431	62483	9951	89763	93989
18128	69070	77215	52320	69333
71196	99373	5829	23798	47511
74790	41594	30923	4757	28712
98654	65154	74491	64011	20970
7627	60299	98278	19992	57890
88134	71757	4853	33485	86133
94587	36385	20652	39442	3975
43293	28330	38757	79074	52847
81330	14187	23870	19587	78899
1980	74833	13636	42963	41689
15196	62347	45035	4054	66175
5003	76464	73796	64077	35157
22733	39579	56909	17120	5559
84300	27126	6321	195	45269
53224	89303	99837	53220	74277
44909	7675	33558	95190	60631
56103	43875	50336	70588	22652
57468	56645	29742	95009	31903
96254	46332	66359	21817	74066
47746	57517	60477	59752	13497
90327	57832	85725	65428	67083
72659	35952	89070	65581	80807
16160	44484	14421	15298	59262
63438	58528	32732	93822	28009
15306	56627	46011	52287	25067
44369	95462	78415	89782	56113
68356	56304	49198	72102	42739
44477	24515	35134	74203	50143
50114	28630	38990	81117	53936
52098	27240	3846	36123	22819
23287	19779	49880	37505	3826
82160	75381	42287	63155	26113
84393	58433	26652	26420	56577
57007	35781	46954	30969	31938
11124	83440	57722	41110	96739
90622	45989	56049	85705	36213
97984	32807	87409	2417	38836
59822	72193	94111	35906	62687
75762	58332	29386	75222	44307
74645	37412	46642	44823	61918
61290	71179	44819	27903	8278
89045	33510	13540	84337	15494
26732	39324	23649	77027	47017
35781	58332	38954	92665	98670
93613	21638	40140	42875	57578
67952	81616	29035	57732	10916
94771	21981	84376	48146	20063
41949	62365	93832	65374	92298
19184	51959	97510	24021	83250
22213	13720	51483	68828	18747
36141	40290	73320	16090	6976
23446	1531	45617	62657	49902
84357	55687	66694	24776	98434
96438	78041	90387	94873	75034
47932	81691	32566	2487	11697
18300	17067	49865	63820	70339
68411	4449	96490	83790	40745
67436	13882	42956	24760	22923
98588	59430	82969	88400	11403
38257	85140	62606	84998	77832
11222	43126	39114	23534	87344
58183	26330	13470	94787	15158
82659	82305	48065	52229	18653
57851	10312	47625	70839	82303
47996	96673	28082	50925	85547
21171	11979	93004	83592	47580
64767	1086	64310	1446	97073
52837	13600	4408	37380	89406
43929	41471	14279	54062	7258
18098	57042	27485	13360	24339
93828	36566	70385	10988	51313
23282	61450	82538	76620	88944
32724	67984	73113	6847	17502
74917	28756	25747	98885	90854
53876	32505	27917	38763	34818
53194	5542	48285	14155	92916
62727	70925	34718	19062	42155
12717	40368	33543	79448	6506
88689	49373	66853	23487	52254
86078	13670	95190	4749	62849
21295	1164	16597	10808	79170
2458	33582	86933	53620	57075
52405	96681	93777	48936	44842
9059	8549	50306	46551	39991
66354	58955	2559	16700	13310
47559	14886	24661	89817	32271
42689	34822	70721	58036	11846
93282	40565	78428	56672	7044
4261	98134	26981	80072	12688
20806	88108	37567	50869	50144
7546	56978	82462	94887	15835
32812	31034	99230	17942	65863
48020	7419	43236	3459	14919
82929	80320	65337	39916	82672
2224	46201	46934	54693	6919
59026	19514	35289	66855	10434
82292	11611	18505	90284	3357
86592	33447	21388	21673	34365
90339	10824	47653	68184	35558
74711	38926	53710	67531	97043
57977	30321	16103	7381	17285
44368	24006	85780	40208	88773
7398	20645	26616	97074	11789
32441	90772	60839	16308	79399
19686	68960	49514	19403	91196
95782	642	94799	78713	81404
66493	47993	16442	45678	74641
57726	27910	47214	37219	75993
24077	15063	47229	29407	19861
45619	66761	52688	63780	3027
6819	40012	99041	61527	26687
4360	79363	60583	2818	42127
13415	1635	9447	20793	93504
69962	88317	5781	32263	80777
63327	89062	72549	77601	78455
32965	36987	10568	15134	69983
44448	27038	19813	84201	80275
44671	25376	83489	3859	40370
27242	20235	51338	42948	24690
91513	75325	62195	22061	30028
12601	46417	94136	49502	73866
44971	42061	91065	59748	20318
74727	18959	51960	9431	62058
47728	68380	23215	81007	23695
92745	69381	41563	45877	61160
72895	23935	29924	84018	86480
10445	51356	5627	39300	49596
64998	52222	69918	88818	71150
4242	46249	76360	28285	81769
39450	70175	28376	32587	3786
48909	80241	64581	28555	48411
98849	97997	95335	41221	35560
82673	16995	2716	82002	5306
94266	68374	597	16967	15053
76872	63580	65658	8378	37709
1776	39799	51627	36947	78429
81272	9340	42113	92177	38391
27640	68212	18227	13698	50816
34543	35267	1807	94317	13499
15537	15968	72698	35615	63761
57536	32039	49864	91133	16629
17907	38054	13708	51314	2014
68765	85357	27323	88191	25301
69833	21556	6313	74390	47353
6698	31502	85350	82683	10043
76074	40003	36336	79104	79496
23286	62058	10289	81366	5900
76723	36678	68347	99268	62020
51016	89174	80756	45141	30782
78464	70006	13022	27769	62128
47159	27517	14966	9342	99101
35164	79413	27904	92614	80398
526	3154	68345	8260	30825
31980	44077	92286	44598	8333
84893	31762	45621	17237	21932
16354	21360	77735	93300	74682
57674	92637	39924	86906	9815
91372	82464	61763	72611	42074
24090	2865	84864	78536	1613
43119	16334	32277	33897	80662
53486	90708	11498	21687	54803
8432	29542	57346	51233	14231
4058	61648	79335	67677	91219
35631	82266	39073	87553	71930
20005	56749	1133	95470	85771
85729	16580	75862	63761	89553
50169	97833	24891	87340	84492
67668	6756	61345	44968	39459
99724	85386	31066	78278	17859
52840	38590	71821	39211	96230
28260	88052	74511	91293	51839
56320	89082	17966	96980	70937
40788	76431	19555	85258	59369
47877	27441	58640	85728	88609
95593	57760	62181	24114	14363
98381	54538	36821	17248	45007
67358	11163	10730	59883	31792
42465	24032	32154	32640	51278
91887	82242	73578	98046	90393
5991	76405	1236	99975	46671
19478	26621	93674	88243	22848
5337	61817	49046	17201	12756
50905	89710	16392	62049	85611
58632	79368	62971	81867	46254
60283	72520	28759	57884	47844
98658	14062	71999	42278	3568
60140	47225	14312	26481	72352
37044	57331	89877	81068	83634
11756	16359	42439	58809	66667
60933	16036	7183	73841	91807
53626	28539	22962	62483	67057
88220	90284	63182	86894	85077
83626	25842	96181	97960	9231
11080	40893	29205	14784	88518
18277	53091	99192	80086	8093
79930	61699	56451	62497	65799
61580	2904	17330	19073	64462
56709	79874	86886	52225	70859
27081	54657	79738	12822	98206
4712	62634	35962	71882	71790
47865	87342	41193	21360	14258
7425	40716	33931	3114	59349
14607	69011	51477	48463	96573
47648	71379	22403	38572	12064
89493	74470	84860	63169	66105
13328	99511	84054	18282	87204
71047	5942	97315	19775	23862
38990	12593	22519	22963	95137
90376	14299	21382	21468	42491
93117	2562	87643	48399	49050
4615	97282	95185	51305	37361
10459	65444	37039	34843	89654
32463	91813	32430	40467	61848
38811	33085	17725	86895	38520
50672	53071	87640	5573	60912
29683	40345	45504	2557	29043
87349	78140	5895	26934	91131
58672	30800	31449	94626	97903
87371	71372	80534	84080	63429
43914	57918	62455	44292	32718
27440	10615	95788	71731	69520
52895	72493	58042	33771	96108
7666	38559	10675	17975	74602
15878	1872	44575	25129	15922
19900	10975	58886	56626	38684
89795	19010	53560	87039	60829
52891	40237	55872	93933	15140
12289	10870	490	97124	75103
95528	58046	28963	46640	12778
71170	29401	87787	5106	64448
14159	47030	39577	10236	79368
64280	10314	88283	29773	13671
27604	5674	70491	14997	53638
85440	12608	17659	72098	63392
81933	45585	88322	68834	90404
17033	80440	47426	16288	48156
36569	57996	92857	10088	32675
30978	28672	95205	71856	87425
37780	53241	76641	84335	21900
2546	60039	25777	53809	8904
4365	47488	72525	92249	10423
71093	36150	74393	28648	3230
36421	95187	82458	14652	63411
70977	99229	57460	39168	54685
85523	55454	96880	73409	49293
21731	71824	69864	37848	2401
14512	99389	96452	57221	89158
29078	71703	89518	40396	51410
83613	65476	43489	67061	40547
93986	75109	97698	12072	53022
20747	34538	99283	86487	71489
88464	70322	33796	54570	57484
69543	20817	6849	74925	63277
28481	82331	48299	25160	62166
89013	98094	49368	70976	92097
81695	7352	59452	93775	97701
62345	86380	76178	98860	2829
69385	81079	66120	60616	6930
59447	89586	61777	36359	21225
1508	69359	42755	85338	75048
71634	12495	5789	39416	54593
51692	63468	53931	47065	9757
21621	79675	18278	59581	47045
99214	78021	58884	73490	17643
88361	82834	36253	61308	69020
14081	79439	37300	61178	50062
86013	37947	79107	53921	63243
92066	32762	50803	33156	76896
73144	84659	66073	37160	75436
45704	84998	23771	94802	50227
357	36969	12941	55512	79582
55830	7435	83828	13680	61599
18158	55356	98274	75801	54209
82108	23784	61708	34100	73344
49089	27019	62301	38760	68430
32147	58591	58101	11505	78457
54370	42082	97765	92849	54038
1728	39512	4649	60412	22585
72286	15978	59176	20511	98795
95212	97092	13789	72311	14854
54834	2298	39283	36497	46674
70994	23916	20819	30862	66229
74832	75224	96400	32757	38177
40286	19562	10591	18427	39989
17293	10372	22985	43403	31497
59403	99050	5013	47526	6561
53824	18252	42373	79853	87973
30842	30572	9881	57273	61730
48553	33091	86084	90551	31701
22093	94935	23228	25617	85398
78818	94314	43700	67910	83762
90494	23031	49065	63911	47506
99178	19655	23943	17112	47405
51918	50512	16385	39644	73443
56903	71494	33117	73820	10449
57951	66139	97206	99485	92013
36112	85220	98235	64465	22764
90701	36703	66183	7818	88494
49298	27099	68648	45057	10486
35428	16626	25730	91175	37578
29183	56911	6584	56808	94241
42238	15257	61683	76902	85515
74942	54770	42173	17779	56928
7330	10524	28660	94341	19533
11593	62414	39141	3352	67744
11762	32097	33587	26588	32813
85962	25490	39140	17572	42720
55267	78367	68195	80428	3131
63305	29666	83414	26559	97726
96270	93728	15305	8617	55532
57125	69385	30412	40553	23365
60351	99369	74604	71628	98493
40139	67722	47347	35033	19105
92594	64523	65332	82804	80503
32067	17641	52957	30427	56327
95263	38861	66390	60383	30518
70868	17745	1215	32019	60927
36885	60325	92381	26689	23025
79684	13169	24849	67887	58188
73389	30382	97024	71876	25938
29224	43656	44590	97170	51760
26276	3740	97747	33435	36565
48894	59427	49521	70177	66602
78764	72293	21693	15560	54677
26360	87163	98797	46736	45881
47181	2020	21033	1544	6437
71034	11660	75408	54549	97159
81477	66106	42143	39508	94167
32087	31640	42806	24604	43526
65169	84941	45704	7157	6829
17284	95866	4340	98473	27656
62091	96588	52786	30241	70167
62121	78430	44913	54293	98410
61658	58622	17574	10363	43494
2264	18959	68947	17432	1124
89207	41118	45689	97081	51757
11759	1508	20278	43342	48271
97878	14344	14285	97244	23506
49808	79068	36119	40201	87558
73909	59094	13200	78951	92375
38745	29916	15995	26	95328
13273	27249	28046	19210	97674
65398	73411	96653	98307	87496
94506	93872	5	81255	77893
41654	44086	40327	33111	17966
7320	17639	11298	95022	44142
81383	65656	916	80647	66365
18824	31434	60987	18797	32326
5620	52935	61021	64849	3554
79493	6154	2366	36128	25271
14151	44914	13179	47249	4394
22571	7208	33696	43511	52942
87377	97490	88552	21091	90850
9971	48651	91550	60097	74429
30364	72547	88369	52131	8519
24430	29131	50920	76485	24021
97165	27362	79855	14516	25063
37520	7931	11994	32960	95787
28368	49991	40548	44320	45060
1254	25478	33000	85784	71280
48603	49353	35127	96394	7878
56512	88693	32722	69862	52105
63725	56268	30515	94792	31284
33574	76286	93524	52947	18349
85045	87243	20114	6723	17246
91785	5469	68602	59327	11601
59150	21985	90483	16959	18745
58003	4887	81668	27631	27803
62326	50495	54271	7517	69012
61196	85300	58218	88714	96161
47855	80889	34152	53510	2805
71716	76527	31262	46331	74221
54252	38595	56347	22331	89082
82783	98559	58782	11724	71566
41213	46906	93426	47067	68603
14480	32322	44808	41735	73784
5616	23475	72228	14128	51455
37796	85479	79803	48426	22965
94755	62675	80480	62651	43323
4832	6984	92858	79	90852
23490	47738	66323	55952	4782
98770	50762	85676	41925	45952
52647	51244	57646	18304	84529
28125	73537	90954	2054	33145
51406	10287	76827	77197	821
38824	99223	37936	10030	56594
43837	39819	67746	1280	78392
80637	21310	30112	12613	10616
22475	36800	75567	57812	80826
75066	97362	48135	45362	59821
44507	6438	16948	8432	96417
54100	42527	97234	67185	46379
16986	39013	72544	52195	77839
48094	98182	29463	28746	54569
71808	53953	82256	59607	94590
49595	40645	80874	17772	82253
61907	17306	93069	23196	80928
38087	90643	55902	11803	89947
89451	67814	87233	45708	87198
4808	65688	7955	4148	99791
2412	80729	73306	23589	95808
69432	7694	54108	84216	80177
35594	31617	40514	9429	93711
5500	77128	90935	98900	5525
72079	10239	57988	60482	54458
96478	88728	85400	36451	77709
28818	26520	35640	42482	36405
61429	74096	61073	72087	59087
1419	92260	25078	64624	44739
3620	63637	67024	68780	18339
44645	84896	69860	5839	12644
1840	75829	23633	79931	90466
59881	58298	86017	53160	17116
57711	89710	78869	91183	18908
43160	53242	95822	29052	76103
15730	20233	91144	45555	82531
82600	41675	3666	19835	86167
88326	73311	47850	71116	35319
95307	45482	79271	43941	69827
39867	40861	6666	2760	91497
19446	9303	59568	18559	45542
95727	47999	97550	36551	91343
44141	60881	7904	30770	29574
62160	45990	82164	26557	27418
93444	96282	40247	413	69355
20128	63779	20861	59605	55771
44793	94468	24158	29512	88238
95638	37073	88991	70510	47259
54387	53945	81134	49158	32092
99906	5341	97766	56641	74535
3186	5126	89060	55302	15414
54193	35555	37979	54438	67212
62127	29298	29752	21271	2547
72020	67795	85662	22983	21589
38589	9574	6825	24085	66536
31448	13701	37800	71860	94633
34269	56471	90604	24269	83718
50110	59013	32728	39740	12472
47521	95242	40423	637	93077
3636	27789	14453	61831	99952
27391	24441	22311	80645	36884
62239	30140	40018	90283	40891
33977	44297	26987	79230	1872
31356	27866	69585	687	51811
96398	7762	97844	89159	19360
26519	49028	14472	25176	74909
95707	89107	79281	3621	24135
26859	85396	22303	66994	67210
46913	19815	16256	66150	91862
20060	84778	62854	29946	99665
93777	37226	26476	29081	11691
18107	75581	11896	22137	36951
27462	34166	36572	47874	82069
91120	83958	41320	39724	80277
55242	3080	35474	62454	83563
51334	65207	87826	67678	64313
91189	47516	24150	20509	40297
63594	92328	58743	3184	75198
5113	82044	69222	94503	4303
67049	99676	8895	31125	44306
59740	94264	14440	2443	61941
40402	56107	29713	26006	8749
75313	33972	18503	85489	61956
25699	59899	97123	2029	92941
41777	64310	11594	456	76258
83209	27002	93949	73115	85463
53346	37035	77786	14699	72821
86409	69931	34921	67034	49386
57525	68241	16569	74745	4526
61424	41253	88281	20860	8773
55803	89131	91215	19126	42976
37812	55915	44035	30120	28353
49405	91315	29393	35128	3132
26699	15858	52573	38028	66910
93113	92755	78179	39711	63628
48554	45561	6199	172	25504
40522	76088	86934	98836	73808
95484	24618	79668	17150	65106
85643	95965	38605	97656	34830
36178	11814	36523	40728	9016
84706	17615	30129	8748	22520
85663	82419	22667	28643	44620
17169	70831	21787	4604	14945
28904	59895	98466	22892	6477
38132	44829	16992	30010	21318
5279	7311	81998	39109	88314
48679	25888	44357	36608	7461
4649	82872	5232	49859	12141
70437	29264	83938	26493	51431
46074	12448	2458	90813	59764
33556	72093	75230	91369	95929
6001	59368	47450	27703	67986
2403	92804	72339	28742	25699
5177	37587	35625	31362	66059
23970	13720	23058	97629	88001
928	53408	78179	91799	39708
93809	81993	26332	63187	74983
62404	53007	96904	78465	78955
97399	39973	14601	31610	12090
45704	23655	10059	43276	69266
40961	70702	11476	92344	91173
85975	76655	53275	45642	10341
47506	34933	27758	48383	48661
77075	98961	70729	47065	18377
43862	29987	96032	90336	86244
64898	26743	14898	50734	67
68878	28053	60950	81624	15002
10654	87322	12735	31496	24557
60283	36327	5854	97291	59032
50954	48389	18073	65329	58937
53050	10406	16922	62269	78119
84549	2829	43096	26742	1168
65099	2745	84599	98389	44991
81785	97354	89083	13533	96244
72001	7607	5740	88089	15269
16175	18942	71711	5743	96422
88013	3768	39935	95087	26676
82410	32302	94635	87880	63760
19717	30036	34411	11392	38708
13064	93835	52292	25839	30537
88272	87647	19208	72849	43653
37184	74825	68166	2390	82574
8284	2657	15106	17979	95652
57925	13936	90368	55444	45017
66609	45266	61500	82148	92042
87696	26514	91225	20661	63299
46699	59372	57302	31822	21034
45779	76693	8361	16582	73720
14944	71335	29523	94276	45010
36075	74677	60998	99670	34114
95148	31365	1412	82572	65611
81803	72578	60465	30024	20021
97066	1357	8140	6899	61265
19433	18585	84873	24353	5990
41776	7981	77882	39790	38814
96114	40241	11538	44889	73061
86020	31425	24300	86921	25290
35797	19258	87749	29951	3017
33517	49697	34536	88959	31436
755	76925	79813	97973	22200
61600	36043	40627	75964	140
19370	90158	57132	84171	97369
49724	24709	46414	34321	10240
57847	57046	91957	20182	25288
98319	75039	51215	29012	5105
94305	2937	42503	97171	84154
58362	1078	54697	53607	32144
72598	72446	10475	44104	15757
32747	28700	44401	55006	29329
56310	75014	49185	52008	77546
79963	42938	67787	94849	71578
20226	65124	61709	55309	92009
95593	11790	38644	93920	52584
19076	77974	11604	32352	50734
41799	34194	81731	25774	19625
59984	88838	98599	55651	35738
28771	22621	76844	81583	10305
71263	96081	1890	62065	77167
53797	73120	29869	35535	88592
8166	75534	2731	85479	76764
49852	65571	8552	19712	80879
21561	75132	41470	95112	56034
11516	47920	55078	521	41397
47131	64063	60500	46270	86963
88822	45035	72460	78076	39091
24194	56045	60845	27255	49585
66569	23070	98038	38804	59612
22642	61613	92135	85959	9744
67171	93490	26436	21385	12345
37284	32986	77920	7612	52934
22463	45506	80613	49043	1719
51536	61844	96705	72999	67452
7000	71901	32814	96800	2619
38459	38890	53654	91078	71391
49900	38739	61768	92499	3716
47890	71001	77338	53526	96584
41314	49421	1677	29786	3539
59066	85421	89972	77139	37531
62023	99882	21354	98166	20591
8056	53539	16943	99820	22315
44257	95576	26455	20025	37229
45726	55935	32333	11823	59521
69058	30855	16659	65368	32998
48524	26984	18978	49561	61184
78069	43631	12062	2291	25548
81662	59952	90272	31214	57581
93815	56180	43863	77887	92355
35694	37293	34539	67207	81569
68835	18968	51058	26404	68473
58474	28003	55867	10196	3856
91532	77699	37389	99482	54568
27078	10982	86947	89433	99880
17264	2010	11029	51687	8848
63611	78146	30791	50176	13858
9985	67995	56054	97364	44881
21548	38673	34827	64981	20179
44765	21924	68524	13137	57651
26773	67700	36389	11093	72587
95760	43588	95485	90366	85669
38369	89958	23057	5434	58121
22301	33275	15026	91847	56886
81896	44911	51185	8465	83014
62746	21668	97004	45340	25825
40716	98818	35521	84936	47160
74321	15677	48820	39318	18181
79409	10099	91621	92105	95690
81756	93856	94968	51462	86791
21778	81133	68706	5375	42706
92763	33106	2765	76813	41875
78554	21712	19406	80819	72600
11095	79945	57572	18840	71785
13312	99892	67028	19081	10088
13850	88666	22617	51612	52890
42812	84443	70591	73400	46161
15363	86426	26170	96250	54700
9958	29055	14467	34165	92985
16013	76716	54844	34729	2417
40183	97423	91	22240	18727
6963	51103	12841	8701	47199
9393	84632	38950	62301	52769
5351	93960	69184	91414	27717
14634	38322	38201	35038	48064
37376	37205	43280	4489	82100
12647	42081	84932	54321	40183
31714	83870	40236	90200	91113
27643	62767	59587	34637	41083
45304	54502	92104	34732	70428
34278	50560	65929	45504	43018
6651	70780	90767	2768	30724
92253	10614	32385	51536	83114
57740	12506	5475	78011	73556
21100	46261	47574	57263	26547
60783	40892	76839	49610	20155
80592	88182	21997	63406	9129
96758	34559	58122	52783	61653
1000	19250	65355	25549	12573
53419	38392	14159	39572	20266
13930	93613	46663	62159	17517
57636	17632	91630	86324	19257
61619	1992	47290	57944	74403
41523	68499	53686	50446	79883
62840	58330	6932	28133	12203
32532	27651	87738	26778	63336
39373	61504	24764	40269	16336
83739	36714	75792	53615	52023
63630	25780	66012	54700	76018
94663	22693	59639	64148	51467
96312	24162	1588	66003	52657
48108	81102	311	98881	48225
16176	55556	82880	17826	74253
97776	67604	28877	70319	73096
65240	83644	34137	35824	67486
4349	65278	46584	16662	77411
24252	44231	60771	73146	52447
89729	79841	58805	40273	19974
68509	32443	9781	82131	85485
15380	55164	66128	66251	7725
10912	32981	49735	17098	46522
57479	27021	53144	28560	70189
10116	88077	29211	93673	58225
35481	16004	99227	34481	40240
72197	8612	81846	95235	30604
37192	53024	19306	57121	98746
24979	7652	7716	94243	55250
36769	56303	61084	18066	4947
59205	80051	12484	10742	12904
16841	74145	75702	49041	62193
37948	93789	75457	49175	5689
99698	90075	53953	65079	90535
21755	80732	19554	39452	66744
17351	67674	43631	99561	32440
19968	64883	44296	87314	80000
67364	24322	50707	88165	33402
72087	59278	70102	41440	53301
72176	55561	36733	16734	65368
64273	68766	18485	46629	46209
14947	22312	64459	41077	53107
69688	62851	36008	63335	4733
53972	32468	29762	51255	73016
84791	54193	43912	55138	68537
47951	43580	81683	38261	15888
23159	38453	39803	68899	54767
90839	49160	87295	79170	36413
18716	37441	52677	23673	84363
25423	28553	57209	67367	91407
59370	24898	8314	98335	77402
64210	98105	63702	55024	9447
6797	2873	28196	35053	93144
41464	62648	47180	48960	5273
92794	38079	17357	40976	45520
46641	76781	85675	71056	86869
24026	80447	90996	99379	81054
13960	80487	29790	27588	79496
44216	9311	54969	48992	95648
86217	29704	42461	32538	97661
99625	34268	87801	94751	14728
63883	52976	7781	27313	44269
53933	14534	69343	33597	9792
75066	94586	15490	72043	76811
22427	66753	19372	89302	13430
90700	65258	2452	39231	1606
86806	72159	74970	21472	42096
61607	52863	56724	24393	6828
57166	15700	46298	35297	77125
53312	72947	98528	392	1031
98995	24912	3165	80055	59946
65732	1644	97340	21591	9177
3702	43441	15787	61906	32889
22344	94369	36814	62246	38112
96618	75393	45960	1174	4716
38214	97488	77068	41340	72877
48291	43599	23068	27141	63149
78332	45658	86369	24374	92669
15713	64869	82705	55463	91359
83168	1016	90654	32646	27750
73541	92637	99360	26395	31963
57208	66527	97092	91367	88488
71621	13413	7988	6250	35572
82937	52669	3812	79797	3352
773	51777	64372	31996	68852
73033	65980	90394	56925	8745
35800	53891	2431	49300	70141
92081	3339	3006	33800	74468
87917	88374	28197	91899	3036
76320	35173	96530	19204	37867
88425	98195	80085	1219	15992
29690	8597	60485	84501	30221
70666	50537	37311	89376	74165
86238	98517	60068	13908	31517
5987	92410	40827	90981	11533
13356	70554	16354	91573	38610
74565	38924	32862	14350	638
47622	6570	97880	75620	33567
4947	10203	69682	52551	91089
92509	1140	91056	45949	81587
36506	95224	42101	20402	17446
36477	2258	65426	57893	24122
88055	92277	48568	376	46065
36363	98169	73040	46826	14182
88782	71020	32458	31320	99684
97123	46850	98510	13800	42668
33575	89039	1896	91532	80656
99932	80176	22935	16931	70095
48787	57760	12632	31873	16452
52086	44333	64943	52416	53157
70293	68724	69296	75914	24490
45954	7679	56075	59248	70642
38735	13291	49449	14627	99813
23041	81628	89888	98026	93618
33387	33238	88315	72478	85873
73977	12119	94790	43403	9969
78986	33020	35553	29386	86464
8761	11064	90655	69699	40123
9436	39492	36994	74925	53952
62853	84976	42850	63856	57777
88820	77891	15484	75680	72252
68923	85853	8331	73122	38814
73964	76723	21212	80711	33709
31758	39479	75583	20869	18779
30755	80279	62228	68217	1516
7754	96086	60231	68401	59275
53065	98603	47012	17068	87806
724	76746	62022	61185	1579
10657	85274	54432	16646	30239
50110	16709	13154	43098	10924
56507	60108	48726	51215	26620
98766	42272	36875	39882	73156
35984	80919	33209	8718	64346
31180	25899	60299	69480	2726
84945	59777	69166	22977	85023
80020	29878	98629	33110	31082
43036	87565	66080	64732	68612
34388	82126	29375	866	73263
66306	34791	88145	41263	56658
21957	18663	58851	25974	79464
82192	98348	56001	27958	88930
44156	81581	85338	2906	49691
90632	64964	55124	75831	69361
90952	31891	44920	64352	54475
82006	37125	21477	54271	31383
56455	39766	68270	21992	92645
34318	11009	97696	31418	60872
98561	34767	56133	89904	46250
35460	97372	6564	63747	22683
15001	74769	60514	93502	16767
54291	41983	85171	88169	52348
13321	73551	21130	1242	20998
71953	28613	1505	26645	2029
78153	45758	45333	7344	6451
10560	51975	9802	48887	23238
67957	41205	43246	81965	13124
7739	65046	10308	35482	69442
67373	76586	40998	20758	23908
15943	39498	39520	75332	86732
12611	33019	67674	56179	17036
45312	6290	42206	9918	62248
91779	3633	2918	38855	33376
66448	49473	5246	97010	64628
36693	90321	84881	63254	27364
5003	76591	76112	66445	85284
84539	83211	67094	77655	21293
26337	74619	11866	16493	34
20329	52045	43119	40370	47387
19915	73002	95547	64162	17666
9099	37896	68889	37258	94053
15094	63744	59021	39827	4863
43852	50565	50067	61964	41910
83120	26568	28605	13693	96008
19719	41425	53820	38534	11647
67864	58091	6669	88674	63896
32162	95739	1438	89690	45044
4754	4004	63585	60797	68855
56206	37225	65441	29452	95207
33811	24429	97483	5207	32733
11386	2085	34164	5817	69136
2285	83319	22130	59408	61336
22631	65572	57069	84339	45570
55543	96132	27979	19543	40902
92895	20596	50456	15990	77693
75407	26947	48010	3251	54273
56817	9484	50527	33168	77119
12755	99347	50755	70546	46742
42619	88868	29952	50643	43395
22118	30386	7857	89208	48617
42092	30887	85768	47071	29443
41164	64895	75552	57892	80843
61664	6146	70081	49367	18515
65222	61205	31730	50980	73189
50268	75504	38331	32912	85864
6878	29114	63461	81824	7261
22223	82283	44216	49009	93389
55803	66563	30430	34182	20810
19790	23371	50761	93264	96867
53697	38323	72850	79600	83820
63675	72816	12541	69961	42355
78728	68822	13395	62739	35753
69677	99140	78465	78517	644
20813	34649	31066	58845	75063
7674	589	4550	22603	21041
5799	82064	61994	81336	17449
47692	72329	35751	35776	10122
54559	81607	57990	95916	87600
28746	49439	72185	3613	58599
8824	54500	95379	20123	80886
73645	10906	65759	90852	61834
19483	87380	34432	63989	88011
42289	27659	85720	52958	41239
74928	91772	43855	98755	44194
13758	21559	72637	42603	19054
55408	65778	87239	3631	19859
29581	36999	8424	90568	21086
10063	99091	61122	56677	20406
11583	28569	10407	46140	87153
24936	97420	18281	72805	90921
44208	42746	20810	74365	23662
18994	54680	1103	63279	59345
60283	8176	91693	80891	78233
96937	63874	86202	35107	2232
90444	21925	79693	56864	1360
66317	83940	82934	2972	16662
43744	51100	2514	58944	85311
71492	65590	96195	15712	78062
42537	70419	65161	1902	39030
13988	65303	92250	48048	79161
86182	93863	61103	21817	21760
78951	98178	41225	60772	33573
46151	7818	48082	29098	8163
85739	12003	50828	99558	19936
13664	43640	93447	61114	57359
92895	19058	22478	95454	16377
96490	15869	87451	94022	98437
82997	19174	75176	41289	84739
85835	41953	61647	15242	77532
17811	28710	80241	38963	45356
43596	35051	15726	27614	95322
15749	23348	95276	27703	84213
45432	51969	78299	67656	35956
53287	10477	6405	56610	44448
14874	92660	98913	86596	82403
62623	13924	45372	34202	19152
37337	26495	47211	73418	63171
22119	91157	98156	12526	59358
75578	88437	2951	98080	72854
52075	14073	20770	19985	1689
99676	67505	49185	20058	19734
47957	4449	55389	73138	50540
63939	31716	32920	20887	65472
1650	15962	72612	84622	45615
73208	85802	83586	97518	9596
74339	72141	28623	66899	7916
56298	51573	93644	23569	44438
25727	85352	66030	54664	56930
67345	16540	61008	46749	5016
66559	20562	43882	5683	91547
73382	2328	65718	16802	55545
34301	18945	49750	86803	75765
45242	98442	96488	39675	13269
83508	82149	79591	73066	50981
75777	25176	68539	29754	32064
10296	4301	63017	32709	76915
66244	69454	64671	66469	46881
87387	85343	60824	25294	85572
67325	21545	89539	77932	7977
16534	11915	60186	68387	57071
30199	61797	61823	15283	75581
47536	89053	7968	29656	19971
87216	33128	89487	33918	86851
88708	56405	81267	57227	95892
3748	38059	36013	6304	61477
80535	4110	42378	97946	67441
42381	25517	70167	98970	23105
57251	59957	79945	22147	95195
27071	87957	96340	8571	88325
6261	88311	96715	44758	63750
74698	91748	15650	47620	24514
44300	19412	30892	7205	89185
99576	74123	54525	77905	56218
27645	31292	8687	81228	67668
51697	57770	23944	16193	70683
57563	21535	59590	23413	97137
47968	68278	30414	13307	65034
31688	39625	90926	2178	55892
44166	13765	88947	36214	30623
23480	76568	5425	50740	85140
1071	1526	69746	14047	19937
69913	14049	80268	65779	41735
9527	87620	88125	81053	97542
94220	45824	50164	78872	21895
35587	15202	29496	48208	75724
65280	75936	23513	7859	31355
58006	33329	66283	92242	38874
23418	79416	30765	14269	39846
29133	51259	45055	81794	1528
28847	86213	12215	71206	37721
47261	11669	58001	24920	72439
12438	38428	89340	64763	23034
5058	85511	77346	74925	36062
15074	40724	78161	51186	66772
84373	45949	83746	97377	610
17356	62621	53059	78639	36606
84196	19384	46332	20715	66917
54006	18449	83755	37678	96911
15126	7977	40993	59453	62802
67262	83994	45783	24649	60607
32944	28863	828	7963	55696
26252	23279	20884	24622	84464
36492	80	64867	96417	76127
10128	63294	49510	84742	14001
27865	49834	32837	93748	90334
50219	19415	28571	73266	38766
94578	89103	75985	15059	78295
53031	27115	58683	90583	4732
14168	56786	85933	87150	5962
85632	61342	33781	63185	90192
72758	96605	90385	83695	31316
12749	50909	71298	16495	76246
32782	89980	90116	72973	32044
59031	36745	12651	11556	83294
95704	43678	63537	6173	28902
18609	98290	65478	75206	16640
70711	65246	11051	75667	19095
15639	8177	95462	56562	59779
29879	71467	51506	18070	41519
81016	21910	91670	6142	87744
78904	69133	64405	68382	51088
24420	93469	68592	72321	21717
99107	51927	47107	27818	9838
87419	11463	73018	29293	43770
22808	41410	51155	62629	38813
13863	97320	11967	11649	36833
44536	15532	43577	66531	11179
35630	844	38228	11221	92496
50146	76973	12582	32708	51847
10711	56807	50073	8814	64230
91394	43631	80268	3026	71373
78296	34579	60711	96545	14530
75992	92525	87262	545	21785
20037	3948	20282	51826	56680
98886	16120	24234	41055	41775
12772	67389	5696	39781	36336
6324	65488	68534	78421	23042
21661	99838	82324	96097	27023
18030	66767	26014	56249	88867
62670	86121	71552	83204	21187
68382	12192	98759	59040	20883
61678	68978	27062	21429	57623
20196	73744	70108	7801	41774
23359	36986	68793	62796	73854
48950	83034	61923	55805	60027
11015	5976	55815	22832	48128
57133	4839	71773	6484	73665
21199	14944	89164	23871	40720
68022	60243	17940	2065	23362
40883	99929	7882	83579	48568
80414	63124	21494	24776	96210
37812	7695	33737	73697	80099
98395	23666	39090	87385	79190
6436	54584	52433	11057	51974
56831	90562	74728	76810	43130
89305	9155	21513	85059	5142
50104	37580	62522	91740	95149
46581	30798	35116	96483	32427
62392	88004	36057	27910	46104
1558	82221	42413	46428	20034
93536	18396	94786	22182	32916
69922	71948	98291	87106	48864
16923	59204	5448	76326	79775
18442	28235	87507	33701	37055
74654	55001	94789	67299	31299
13338	67064	33765	28979	60468
2634	49437	73373	89885	75746
51041	76303	58143	46512	80797
52026	41299	81472	25817	55883
41624	67494	15794	59663	5380
39627	1363	19228	52645	4322
19670	17408	5600	69579	83922
38550	43339	92810	43457	60968
82645	23003	19850	20944	70988
10851	4272	66672	16680	38529
70299	26038	9497	56578	38110
28458	13711	2956	43333	35899
76442	5252	96244	65352	78013
34295	9710	57439	31877	79592
16742	27264	68286	49446	68658
99926	43001	2110	74932	88656
31292	18853	76453	12197	61397
49958	45654	68760	28898	99032
66613	12978	30327	64101	22576
85167	80906	75373	47330	66809
86898	76932	31618	25373	52553
32040	48603	84406	74729	78633
71168	5181	13134	43821	58965
53082	68396	70554	79519	22591
14869	98897	22133	38197	31346
62563	27389	45398	31668	20092
3082	86011	16420	70635	41221
14935	50523	28802	86742	40852
34651	4693	78035	31528	75923
59373	52925	53366	26795	95857
75933	52655	11933	87198	20983
33171	11915	17480	20678	98263
98982	54610	9584	73328	97125
7319	75510	26220	85709	93283
77928	62862	36115	43122	75664
78565	19134	94394	92533	67373
51299	41522	51089	79280	76521
59449	78088	16703	50311	6240
11520	16576	96581	14900	84906
38735	72576	31976	80668	39553
25375	52915	43454	4186	65338
9838	86043	99994	4710	22751
45147	29954	77329	30072	66041
60616	3872	48285	22217	28274
69730	3662	16190	45288	46783
65065	48667	27146	34374	11035
92897	63716	81991	537	80573
80425	47233	86141	87242	87233
64192	25639	1444	64659	38942
91314	30822	17574	9106	43497
38530	44723	49768	80550	52309
21599	40357	49326	46297	5787
89883	21173	15678	70646	98765
23727	91418	86059	78218	22461
29479	53935	98540	91019	66766
15726	36505	1422	28764	64106
16936	6844	52066	88660	80454
29633	4309	66596	60751	74144
71670	410	27162	35686	55753
27404	93955	75158	87818	72661
6481	83243	23311	87779	57188
20536	93453	52433	98876	80235
2600	35723	29250	80365	52347
36619	96680	61736	81374	59442
40634	25219	74173	95358	163
69132	37233	55887	66402	55678
32746	93530	51364	79185	29071
58965	39939	63956	79560	88011
59884	65347	71546	92620	76523
15430	53863	1760	6070	70216
19518	1598	15232	84605	68276
70216	28051	942	54010	57504
47517	34564	74474	36284	16225
23574	42352	15213	91643	74840
99952	77462	56019	87845	76051
45206	63818	37162	30350	41938
83364	20991	45447	20942	58893
26470	72432	82953	11105	5201
84981	92165	85260	67912	44353
5210	94662	92222	58584	98596
21210	46196	18256	5922	20404
80007	96961	10661	24837	49939
38395	27967	60524	92280	54068
87627	98992	49617	94925	17097
56262	67558	74606	68332	64736
43268	70739	99106	39839	78307
9440	53641	97446	23578	6359
30204	77341	86548	59077	97
40937	924	43889	18627	39494
70221	36942	25905	12838	8527
51904	19877	93760	43218	1515
93065	56250	65225	27052	35339
23769	42428	18878	87952	17849
14169	44719	44237	51587	64328
86911	76104	95642	18682	51750
17521	12234	18543	50392	2211
23732	8755	55801	24434	88903
32328	69421	6985	12581	48542
29612	44583	35788	6245	97608
15872	86778	52095	76056	71171
53332	536	98970	52624	67728
96080	93548	3946	63820	49482
79094	88914	61451	51055	92770
27154	32152	84097	47120	32914
13836	60810	15232	9836	3619
79829	313	87565	63334	38370
88271	25910	97020	40610	81085
20681	16719	14315	86245	90141
12617	13813	23001	86421	44008
89721	60990	24553	64468	29437
45593	19398	56000	60807	61212
50977	3103	3845	46150	94154
446	29360	12067	2443	6669
82390	81833	49822	40242	43739
21656	36054	21279	80519	54904
68511	59684	56245	18482	97238
94672	9216	95204	64712	47527
96533	18970	58797	72160	64145
17530	25725	79541	54454	70464
46311	75423	77072	35477	34757
88462	89704	14109	6193	79591
73946	58472	91330	87688	72958
72949	34940	28675	58251	34943
37092	21610	63033	92831	20201
41846	97795	21448	42820	86002
25400	92490	32256	4566	4248
23017	83336	14301	85459	78208
16633	11457	61219	55816	28470
48207	21920	6735	28105	5918
90547	17727	63295	2823	84310
93850	17282	41811	34559	26721
96937	22064	44620	57660	10164
26887	91949	46844	18735	37790
95268	98895	1259	51993	89181
47090	78495	24917	94998	53949
50361	49630	58445	62042	20891
98511	58188	51696	23800	61261
61249	20010	85219	45151	94252
88734	4615	89648	36400	48801
75637	52018	55579	55518	29799
70236	4684	42088	48852	3602
73078	32083	4292	20898	96243
10960	19366	84029	14703	25125
87602	72051	11392	31570	43341
45730	64088	41812	48600	37725
55558	91705	1224	7257	77705
29322	86019	82739	1247	49911
76036	72309	45152	60551	31539
50475	37436	80624	43091	97854
73711	87873	66955	92850	26162
30900	42945	91741	20596	12230
76290	29695	69659	17818	74412
79350	25301	55993	89340	9340
48178	22335	70489	20938	3150
49787	63633	12892	33261	52791
7982	82880	3436	91457	34880
3518	64408	88169	42414	8944
49151	73726	78099	47478	53210
13501	81119	10800	6243	1488
94932	65986	26350	48707	39452
77252	6089	11174	52928	11959
72189	35437	46080	69656	5843
14301	98119	13908	71826	72070
35936	80562	5021	23301	83033
46390	44085	22336	90036	95377
33286	21812	84979	70123	83809
34865	82949	45736	39175	49824
68106	71115	51879	63740	86447
29840	58643	12684	71187	2542
32270	12612	57844	87236	98792
35302	47288	64797	5955	78162
20552	90898	16837	97285	5613
17661	14531	99881	51828	36079
68675	65167	55253	88862	97713
39174	850	23897	61857	64419
26695	32021	32423	87814	59180
73646	55607	97719	56322	26286
97284	14843	10038	69392	17552
86678	41291	83669	57257	80328
74970	4835	58997	58530	62158
73793	39813	21474	31429	90541
29837	84626	68080	63199	79619
6272	8333	59100	26519	38072
84102	69232	87621	80076	93600
1101	7239	15622	75128	79144
40517	65621	65937	67031	86683
22713	6141	57308	10801	75188
10939	45254	29557	68880	20775
25288	29448	70950	69384	66225
12921	50329	84052	22352	12402
48294	64820	71879	11249	52700
94761	87319	46797	30582	19673
96276	30714	67769	12322	15305
38049	10476	81808	79586	33246
39869	92805	55875	74044	81451
26167	36127	24339	79198	30468
94149	63697	98634	1056	12416
24156	51416	43319	21423	31629
27064	86652	46435	60512	86091
19814	70259	79343	71742	90495
16250	95456	82380	72957	35683
4161	29022	41794	7765	44789
70318	643	79807	89765	75245
33871	55460	81061	22383	33316
52860	28657	40576	52421	59482
81362	94753	41310	19461	71815
66457	74972	64020	86016	68773
11780	66804	67307	96979	49111
19387	99750	75510	17607	96996
18170	88941	41994	3502	7900
36454	448	92205	59847	89670
41277	49848	30457	98563	21815
96233	44519	63687	66865	91952
23337	78907	95865	69268	76573
45167	83121	41691	72275	4352
9625	56097	10079	22537	12504
51127	10124	86457	44340	99552
18139	67227	47778	21868	7994
97704	76165	41209	61177	80692
66346	41009	4007	11332	93813
64637	89716	11339	34146	86446
26374	11493	90139	9202	975
23973	45786	72531	61455	44542
42595	35230	72019	87856	58261
81592	81715	88786	49540	61978
74975	23861	53869	46316	60813
16899	84757	59439	71857	39205
50990	65456	95038	68882	26439
56864	80965	36752	81181	95090
52477	26163	53723	55735	84886
2226	86919	17287	67945	65159
26091	61545	17521	44722	28364
48451	25497	41772	93861	65525
39223	86697	71708	37236	8690
81157	47982	81863	62367	64137
69373	35241	58387	62008	96768
41986	61262	53756	23108	97930
76081	96093	57050	99622	23800
62125	80738	69389	79293	34899
99329	222	52612	91184	17944
4457	85349	61901	97267	42169
39171	3245	91040	3495	83409
64395	51309	10466	47704	37687
83504	94059	75372	83036	59730
85425	68331	18672	92911	60908
90365	98748	58466	44411	6524
29645	97471	99115	63235	24064
9661	26345	13272	19119	20792
13657	41471	40346	71328	38679
20017	57994	36315	81026	11300
44409	61352	11375	50110	92653
30696	39335	10363	26124	26805
99261	50472	60797	83184	18767
71852	4402	80611	75506	51523
95607	26470	47060	32137	75660
31743	14691	93897	5305	26379
8770	62103	74764	51725	30865
40334	19603	48954	40839	60159
98680	4325	73304	12318	15861
99707	92766	42180	99779	60104
70622	16419	13369	72355	39221
30458	37338	67830	97283	75054
23861	34831	89414	84540	91054
37741	58134	77846	13164	60415
66083	71514	53820	70129	51624
60386	84004	28989	61796	51528
12262	61255	72566	24680	39932
95979	94096	75058	79531	29512
58092	66788	50899	19735	74098
2160	30477	16329	74660	82006
74608	39814	94155	21434	46999
94998	19982	77808	46918	49748
91291	86211	95708	76746	51018
52652	40132	80461	78293	39605
35267	73011	56750	85049	76690
4193	1451	14625	68921	51802
85468	53854	23392	19184	47345
15622	53596	40345	77505	62857
39228	9089	35626	67471	20283
12046	37106	76838	32955	49762
46595	36108	58410	98956	50405
57108	59689	77184	85402	97477
83043	54670	32266	72916	79122
49965	46578	74905	26963	50684
35204	99354	76547	27062	8721
68080	36603	9317	63727	67356
72029	2166	73549	41163	98569
54568	60300	46660	70440	71413
59998	63257	20574	87069	40404
40657	30869	79324	32013	48638
96337	15627	48879	39875	30227
59628	89825	61630	77533	59832
35069	35901	14353	13540	89634
58579	3489	38388	32657	18714
69411	70842	79455	25691	90242
89042	29639	32954	32961	20820
7691	85902	92218	45300	51545
94618	61342	71913	40128	13605
23283	85365	53984	41892	90632
89526	54546	69200	5808	87245
68654	322	7890	31030	41425
35909	10234	48853	17599	78968
46413	99005	14044	41411	83842
47257	2072	34004	51000	80778
78180	39421	11749	69836	20283
48478	36910	88516	74528	39796
36203	57808	72606	99300	86457
21291	33785	27246	75928	13041
78778	26418	84169	71589	73429
26171	5249	85431	30734	87514
24306	19943	89304	66764	69899
81616	80723	10753	41286	3101
50870	73735	7730	41023	68732
55534	95198	67805	57318	90836
6389	773	47580	96327	30029
26572	60236	49455	40579	37939
49334	31655	50179	21124	40806
73782	2737	74872	76660	16672
85580	13757	12414	22903	62322
37223	8744	90634	78334	93504
27409	78018	1844	66985	25971
56582	51614	47516	14357	83387
77116	40405	28766	19827	9555
38734	85898	49583	78260	29312
59285	56940	52453	54843	63066
78209	29938	23619	31390	23746
16092	64983	18722	68802	13888
12828	43701	34357	96158	29299
78435	77486	13918	14603	75079
88237	2087	31964	17864	92719
81267	91068	77014	70773	93389
50090	40900	32571	60023	55052
60876	16987	63869	5508	96580
29898	89978	29429	99913	105
14636	24598	56807	74450	75080
82645	64886	69629	97134	69756
86113	82882	63533	71353	35694
66997	42858	13702	66096	81140
34118	75902	41447	83169	13524
4297	75744	48755	24048	16858
5270	56473	3060	78140	54731
56945	38138	42015	70200	41187
11747	32316	98086	33120	78490
53671	83765	62759	98158	14408
84646	13344	78047	76754	50836
48546	89472	17586	38542	22597
19115	63434	98997	82742	56691
49065	44322	30942	43498	38329
21447	54124	30144	68684	55787
4093	49025	81769	69	74712
96665	92239	74740	66654	26918
11165	6109	59280	76927	46569
23004	62952	72429	99402	2132
67197	52971	86410	12934	46103
22203	3994	2294	41285	22079
40712	92907	87239	5302	59423
67717	55147	26164	17912	76499
22877	30872	98397	74438	88210
48755	82816	37897	55757	91355
15292	94133	68444	85720	95817
26674	23670	99865	59087	14388
82729	37345	24823	89171	53346
77803	89228	66217	61392	27996
57936	83333	79077	62649	80896
42202	77520	24671	37530	49243
68039	83333	86970	90341	62730
98749	13323	83484	23934	29479
98847	50702	39535	51555	17840
15054	10899	55309	99051	75183
47690	34650	24716	51671	58727
83876	92127	61418	65770	11844
98723	98789	30564	62216	3150
38881	65032	98969	64318	23831
42454	93694	11705	16842	75381
92658	59324	12129	3154	20223
51623	36951	97341	68849	19808
84411	71653	13692	16721	36351
78186	10986	33140	13131	53183
31462	43728	91057	30569	92406
73752	76936	98516	68212	37238
6738	7615	10616	58417	18186
47101	78783	19121	68870	32939
4429	64636	93817	5988	79069
46654	67860	45586	90316	59033
13605	99971	13575	86842	62477
73534	90663	14449	6072	22913
37883	86797	43953	25135	27433
36324	489	63557	29647	23768
97168	30734	42635	32758	70747
81867	27582	96028	48309	99224
650	41162	6050	40004	19455
66448	24416	75639	14283	48914
32362	86422	8336	11758	58117
50902	14095	2937	33246	97756
70241	91377	73897	32195	52380
84994	25718	9667	68345	99455
89988	27089	92503	22867	38959
33794	95230	41080	22518	95652
20373	46005	91691	79084	21631
65484	48154	12464	1786	74490
58310	7687	40912	45612	73328
34000	14067	38492	95832	33628
89954	52013	16489	913	63196
78803	55368	53434	72938	95209
65120	9520	48814	28684	87180
72808	97687	62922	2914	99210
88713	76495	51378	84724	40576
16636	1986	82620	40301	65012
76533	32783	70934	87815	33940
17099	9431	92299	23250	91296
85391	50016	3351	8922	72932
80824	82930	66124	89708	64588
65651	47337	38201	4477	31854
20171	38628	94828	75623	75312
5201	48509	12430	27493	8975
84430	73526	98395	59368	77439
21119	90050	52525	97675	50943
29993	67448	82971	90425	52602
31214	25441	67056	81306	35302
11629	18160	46060	8649	53344
726	40473	36597	84747	45857
99963	34987	16748	54024	36534
66367	44286	53136	48084	72649
75545	8056	16196	31574	71742
12574	81468	91626	43399	248
45428	83134	79545	10206	48088
49416	69451	11963	31533	73110
39736	16135	30498	77140	29584
80949	84712	16403	76312	9591
80130	94784	14756	19979	38587
61859	52714	92573	60932	71334
68537	30172	59679	61790	11586
33441	87351	10840	37221	35485
95397	40743	46281	70386	35369
20223	28022	35195	26843	33129
59550	88475	95824	42002	69730
25249	34857	95399	90553	32326
78166	34007	28289	16218	95969
75460	16378	4659	87267	46781
12221	14393	45068	87658	62489
30101	72466	87668	14184	75480
62443	16142	81662	73364	91776
34666	99122	31983	39637	42913
70093	676	52937	66904	35014
97013	54082	51981	13906	74300
76300	28866	71301	42136	82566
48269	28593	7189	54168	1154
60288	55682	75484	41260	33431
78979	36500	79366	76485	88988
2746	65930	60584	82005	47018
94496	47090	68532	38310	79185
52609	71949	7159	50823	48863
650	25324	23384	47592	7888
47552	64895	57048	5043	1772
81633	31409	19984	31449	9195
71699	50482	60453	78213	69533
82825	92678	76873	96553	62212
832	77228	47696	89264	59652
76489	67292	99987	12404	89972
41969	89048	85462	865	1863
23075	6683	52158	63008	89709
97234	44180	30212	50694	97506
35586	71948	26972	85443	95903
87655	38616	67039	11768	2334
92014	58737	95216	20840	44162
72096	89188	30790	45332	70901
60567	81207	2448	33331	46579
84409	84903	46231	17947	3152
43363	13407	46565	92153	95695
46516	78732	19091	1829	90951
38342	75055	19420	87021	13625
12416	25100	49882	65269	75576
20219	72712	42166	46161	10242
25931	73216	10275	38362	48618
63756	1024	24317	49974	22760
70862	42317	87285	41710	51993
58825	43016	44224	85990	20328
78604	92476	89570	24801	46668
18985	32497	68614	71016	21984
47882	66744	17626	39913	84151
43106	7209	2300	82404	39943
89946	65192	30498	38830	44329
30451	81708	83400	24637	68434
84482	57395	50515	53972	89379
9733	17273	3473	35386	41179
27794	54755	76583	87009	39671
9547	25974	26443	17188	47229
3303	60901	30940	21340	60451
9602	77083	45867	80602	38842
62702	22084	91603	65166	71242
64098	96390	2242	5068	80176
10643	14167	34847	10648	13472
98643	57215	98456	43619	19572
18919	58158	45626	16495	72087
64080	2286	59275	25352	86803
12520	42765	85892	88205	6113
51388	33148	93100	56526	80600
43754	21355	8923	34300	59828
5021	38509	79456	26188	84639
61723	20172	25565	20164	53121
20037	24836	92180	98935	97177
98357	78987	94741	94651	19522
10731	75758	17488	3145	10890
52066	64372	2803	17275	66202
1221	68162	51622	33887	82725
86664	98721	11143	4889	176
27597	21701	42203	62829	14492
29463	72968	93603	76111	94579
14922	63482	71183	99819	26957
36905	75010	93653	54489	6697
62597	57337	16647	41107	31971
9949	98144	30643	67051	59174
27791	23068	99234	73795	8829
99081	5153	92516	14284	31996
20442	21176	73856	59323	77606
66652	16658	13932	81309	35140
9898	48038	75068	6300	27814
72579	30891	67932	95371	95495
61646	69709	10069	74056	66769
83802	24843	40920	91535	29355
12762	93746	16325	42845	78923
58415	29029	50454	77885	68577
75417	50573	45661	81321	92006
32409	49653	60573	66219	96755
22273	61212	53430	70568	91218
44353	83998	26922	34424	79068
90768	30268	69389	53077	49826
39202	6581	98437	17898	82836
49479	19850	80303	72728	63037
54612	47215	4379	39550	84936
97105	53270	12269	69968	14087
12803	83048	57580	69016	26981
98530	11765	14431	801	27984
10768	70041	26791	41485	27269
45051	36200	89551	83732	70362
22313	29604	15319	67825	54806
44514	9628	27629	25714	14463
10143	75439	85615	26691	89753
94345	13484	52957	6052	30323
71682	9790	96343	8896	60806
5280	45400	15457	81746	18039
88945	19095	28059	73625	96691
61839	12834	92807	81978	13244
4577	12618	70988	66647	55475
99509	71954	49116	67356	47859
9623	61848	86131	23388	40439
58272	8219	13256	79433	5533
91170	22086	18596	34168	89070
34232	77927	64205	96016	74167
62713	54650	38982	26075	11401
15494	88197	54760	97037	35213
79844	27640	21350	96398	30512
76072	70757	88953	20995	51848
18989	28800	72196	79783	61409
78269	7795	23907	55368	66475
44760	57444	97434	81942	7844
76568	97907	5352	15490	45467
77470	71612	13282	89050	25110
5577	61033	44480	52076	81602
4512	70419	87227	89679	23949
97743	92697	68280	24148	6492
78297	25566	43774	18281	48650
39884	6717	78145	67614	23762
59378	70871	65057	55753	97700
73894	26477	90459	85549	30685
2271	98905	72188	54183	26330
28101	75412	36594	86406	18308
59653	53673	46738	92714	3179
88398	66261	57424	37664	48304
20089	57929	74441	79224	63092
20949	46081	34140	28964	62058
19348	86216	42878	73657	16152
98672	95427	95764	74350	65890
152	13882	14367	21002	56889
77311	58650	5650	70644	39976
44153	26553	23436	35643	5596
56486	25206	90099	36113	10369
46562	16363	22347	93883	79985
29801	43043	47353	6766	9477
28666	97787	93711	85374	55624
14903	98187	39494	14563	83807
39486	30886	71269	78469	73921
73925	40866	65760	9209	39642
84373	2775	85060	17148	4334
48128	40202	99574	32287	37315
81934	26708	91289	24665	88390
99733	79383	19792	28268	25045
44289	28748	96228	51253	80666
27133	43222	78892	59942	90472
98394	62101	72608	1576	9078
40465	4263	28777	15079	90727
60657	96564	59373	75895	12793
54480	98362	28519	67595	53412
22719	89525	90117	68351	35150
81631	54015	96462	26254	15459
42572	88638	17305	94801	82607
67539	13696	7802	42866	40511
86548	73853	50236	43473	88443
47468	91061	25413	27327	82890
37434	83381	12588	60527	41976
12818	8327	40560	59414	26228
40363	77142	35705	17434	22187
49008	45336	13797	15067	67272
87286	81242	91107	16898	79418
44292	98596	90303	11786	80754
80251	74653	51927	81675	80172
99482	14734	10817	2251	74728
78592	12095	3139	7400	79180
47466	39378	83032	38969	63249
35053	4184	68446	6063	71840
94454	44796	40760	6988	89634
71645	75508	27315	12177	95429
40926	25619	67051	73394	8028
52314	43042	15649	15977	63086
64223	24031	59172	45488	86042
79245	52372	16938	12834	11694
20306	54653	4790	2987	24014
30058	54492	94171	35926	2684
5949	89833	85069	80180	97132
73827	51291	51411	48334	60860
12721	19603	67283	58330	40700
19317	8342	32994	36908	82974
5894	44817	91066	93796	85140
43130	73676	12108	75982	59796
86825	98161	82223	61911	90273
50170	60332	4048	13994	49316
80756	24593	45826	94013	72811
63665	93732	22088	82936	13584
17168	76536	17316	74265	5245
31507	82257	68861	81450	7433
99120	93369	37540	67451	23828
91853	91640	12942	55413	65677
91682	70627	81217	75565	40054
93996	60278	97156	7403	53420
93876	13027	60084	47554	2679
18990	85508	90758	12723	61102
34108	1785	39365	14519	36770
16070	1919	26431	9494	74905
47094	67931	3681	52803	4905
84357	43301	48718	17064	65820
3038	52101	6152	36860	45582
11481	99819	67515	14977	66329
44201	1729	6976	55449	93778
44101	25529	40321	9319	34258
27446	76359	5415	22208	80409
22224	74068	29776	39174	92587
53221	78373	19901	90733	42157
12642	45660	96545	26174	59418
99270	31385	46643	46897	75216
26401	38059	23625	29672	29130
18123	86603	26067	27019	41881
26857	93855	89628	78433	32801
92430	67961	29841	29107	86009
25339	28596	8300	34776	97712
20045	64688	86806	41140	2683
3663	80106	32388	25116	76913
47579	26816	45858	39520	53082
19932	96930	71205	6667	59100
87463	52909	96988	30933	29030
47295	54368	30350	82171	56799
14179	13793	98445	52555	21629
54067	51123	55335	74323	19278
834	10646	10868	69889	622
16204	97501	9818	39775	88867
59611	58957	26773	32653	18028
41593	11288	5695	64808	66041
60012	82533	10688	6629	48166
34480	96285	81213	10500	23477
96954	67212	96243	33675	74185
28258	57926	12251	90426	93492
90214	93994	72684	38870	49752
56471	30397	2578	21121	75061
15278	16268	91797	33680	25828
30277	44240	50913	8532	21096
97206	76767	28839	1879	2773
22948	14595	25473	36077	81029
58794	42447	89391	94225	60580
80681	94372	81043	8753	78311
35815	65175	99625	21073	20371
47461	59817	16789	19851	70177
32697	78638	61984	68825	42430
99717	2960	97926	88720	1108
88173	88995	47230	12896	37733
73030	80448	62740	96215	29993
14931	74059	87510	91351	79124
27200	91967	75494	40819	83846
51223	9972	54097	72281	5982
52882	43569	10952	17936	9338
57387	80777	57040	5250	22584
56595	13220	21307	57505	69862
82402	20290	58883	35812	23161
59467	39273	64419	17482	12370
27933	30752	46550	27773	19594
57111	24880	1719	37647	74117
91434	98049	77780	88692	30288
41541	95638	66705	81014	55213
20953	98860	96666	95537	71087
33309	11844	77159	47531	68512
10568	64904	32331	23551	94349
46445	11182	2808	39861	69845
2637	71022	99878	18672	64717
71578	23803	73645	40731	36882
26286	92442	79415	5862	20753
35407	30348	48385	55851	33446
82349	55338	37339	47294	16475
15123	63777	30121	86939	64012
24014	67243	65563	32221	14906
87562	90439	97263	67181	45610
26317	41593	98974	65078	93393
59641	15838	98832	11351	87148
4600	36714	19010	35183	68634
70217	66136	96533	31107	8633
19200	7071	99435	90372	77571
392	41366	58536	70574	148
26209	91117	75909	51531	76518
88377	10151	15208	68967	25184
62023	72321	62103	64241	77831
32323	18252	32561	92244	78753
53538	42808	99668	44165	78028
88063	80341	44162	13674	14725