10000 47594134	44741681	61408822	61400353	88783853
61928827	38364820	93809923	48976322	77408210
36709859	34784889	28530109	51745315	28213695
29237357	4102725	58054376	48620019	69012726
2879193	51685960	80515978	93786091	64409499
43900049	55221282	83612587	52275602	66485904
17620004	61901032	7346086	8064914	19188779
66626377	40845949	44203128	28991962	68909332
82296997	49428449	36543258	86153753	66331755
74004000	29297651	63748862	79691363	77050587
98825377	28405711	60220039	35146439	23559248
10900165	84736941	11222489	95337813	48456280
97762752	81256855	33051275	49592037	48515281
72572624	32898627	23290051	30580930	85730187
38497006	11783661	30931270	73881228	10643686
18724975	17490176	21538493	49078790	52487183
42870607	19657695	47359805	93080594	7819196
5157415	28386629	96028431	51050007	80946412
91791854	85018046	75654711	42330077	61253092
30858423	39236737	4400697	55144830	58194006
36532433	94862667	75556494	17157848	12797688
87589390	15247622	27220340	22337702	8202567
45429866	91935417	74276107	42362214	15276994
28441404	77748763	64997275	78664456	21507011
30045851	38295408	83336870	44399204	80436830
38867044	87646965	88072318	34118626	95808230
78539263	69758401	81522370	56687814	34987582
43454680	26815644	74001975	14793207	47306915
79007300	26900333	21529483	99808062	57753497
9577457	68263882	73666596	41957905	57312298
86022249	26076937	39612637	95279268	27246102
68141109	25469577	16218650	58736946	14114708
24160815	4104211	51661712	52626556	64163157
88854165	24712246	46666772	20911227	21142101
19058404	20522108	7125616	83206573	60882990
93380020	8163633	99701711	87526306	32533337
69394274	77436810	82749339	60154734	66941433
40196480	85016938	85996044	44689569	49805488
71128452	91714190	56485666	4236504	25816540
79844055	1763394	58242029	70966268	91493410
53106623	75743778	79211956	20474988	51842391
71634891	96114063	38714159	58225910	23813391
86446551	11725336	45507039	41961021	7393207
13759480	57870956	48855018	30971216	24955961
46437479	65895976	35956464	91707110	76942175
89515972	78496372	80938631	61027679	13639257
61770945	37495516	17187488	34899905	94910617
16194386	87121570	24041006	17459228	53622095
98092637	66229218	31152374	22221462	63850998
60433821	42718421	77394503	32500603	17481471
61768802	44789033	27502644	67877981	18255790
62900140	61673166	25202174	59366771	67252914
14229646	52099919	2146862	59141570	54417801
77058505	49034837	43251365	57778411	60046482
85459017	11838800	5263617	83447252	97582428
92666159	78057740	22490978	97934171	85043077
3914356	28012813	98140575	1690562	64802787
56924304	19548906	33786803	64463910	43605102
65460130	5654591	36861285	98629135	89004793
60906172	53980073	30430513	16112486	99120535
61392657	28419843	76851418	60158689	45314134
54552184	62830669	41738358	10447024	24274379
64200560	62083364	7738584	51391602	61979186
55902342	31489998	78433961	83314513	16938946
56973241	11230870	68652132	6764015	28241953
69379808	15356076	50002908	42819378	23739744
4243140	5039198	74713987	92124829	70366386
30623936	53527207	81097895	25830885	97462067
29323841	50959656	19711857	9857376	34942346
66495272	38021030	40127626	24141022	44472717
19384690	44024892	6902576	50936490	3075519
60688554	19876002	97698878	48881276	2995924
59853054	9627763	41052570	41891552	62419725
18910818	44886632	11649819	84568135	52656490
79735504	89765746	10570009	9750660	18185433
46406105	50884941	90631911	42094549	20269645
47291090	1847638	65501945	3203557	19819884
88698291	73329418	37023884	3463170	15769234
53389469	35025204	53075208	75926937	1316606
52204175	29867480	85702422	8129967	74279759
63246562	97890246	46984555	97632698	92428934
42016194	56922504	54345277	74492081	15465511
35762311	81597903	43828613	49946372	69028617
69440777	97404660	83455849	57619289	76900655
77568019	80556499	87382023	71925996	48686997
91464256	71218551	65470617	74567363	81475937
40369175	56521055	41436528	34150124	81412325
95824148	61165934	61356201	74905361	73044358
82594619	27649821	93567727	80112463	78347610
62278345	33188155	91240925	24073311	65402593
17960614	95222295	86326313	56732637	57012484
1101098	44000632	49889721	99254527	41865149
8190243	93611023	3351163	65755318	21325063
7326225	11947382	40511119	66200703	85794539
79958289	55091060	30186624	43470037	34654025
12817520	63212952	39791320	73442395	6674506
69017738	32536057	45150927	51373504	99391862
60354068	30234274	66532861	1351961	22257156
53437471	99072003	49618202	30709540	61998727
23500198	89445001	15051831	28278211	39040765
23890448	92527278	92802076	53207357	57129741
59643842	73737854	67918040	30947291	17094348
65326551	91769754	67229139	45414557	59697606
61635807	55548142	99982123	25789480	68462948
79580994	34982047	66581731	94602850	36652411
77627394	40809373	47397557	48172967	30246777
63367515	2322754	78128375	49093407	12639828
48679670	24733141	47870994	56742661	41176300
32278768	42108341	43914592	59875145	36835396
48930046	50884970	14223557	92307405	80236069
8370482	5515488	29301495	6985191	62819496
11209007	40929482	32719468	84367820	35819335
45810856	74795699	91176966	23330892	33397334
12404624	87275182	38019805	42884575	11169259
77724603	28606837	17940810	1867065	97292146
15773742	29076046	99236732	87042905	92763363
32992879	10795597	1730089	30642539	87879493
24758608	66436797	64738333	81252496	54583315
57590851	6900595	72484478	13183249	2797122
42174561	95389066	43055662	63593583	11723514
99763020	20268675	13365795	98654178	6772489
3962940	54373655	85775586	79238303	40391724
50528082	26737106	92480072	47877412	67195187
32451312	96219873	66176292	4512288	68457256
75227747	3959478	27355884	96705355	49285951
54017780	18343434	75909455	28332397	24716291
76328123	65061687	29476307	92598101	48347581
5340739	64842092	77878457	68757908	33013664
1420162	58071102	47222892	34733595	62856788
46530957	76829009	1097141	24826873	8611284
92639275	59116232	65945712	99144845	34897660
30220624	21443211	28505861	1696761	22929943
74696551	38254895	33366665	98231793	83948285
37217644	64243707	5885730	5097022	53896210
92460633	86828179	7565755	63711984	26888207
76280248	40920428	62596599	58440362	17928654
88457533	3172078	94691714	28084663	53245603
52766363	71281183	17709451	69315251	51352156
69438614	89966411	21624717	27967214	70273574
29641865	32785307	4416112	16391996	17237852
93507599	21147472	98825200	18825818	95858340
7769410	95238883	62794853	10400729	63249537
39060579	77525215	24481850	50205994	99551087
41663743	31974034	42077747	37477629	8577110
13016224	81207764	14149384	25135483	30924869
12416067	79139607	97626951	66278318	51554473
54216988	1847980	78037379	86916449	7584041
72388472	29430060	91614547	21646898	70271258
92078998	27279234	19441987	96316990	63155819
81779100	17676744	72085893	21872123	76675464
79366965	91638273	33610620	78733062	81887083
62319511	64455021	34382487	19641865	33430778
58545250	12993192	22838269	97868537	68444716
37664444	89541406	81127061	57520755	27632926
11188349	4611548	1678139	28272069	70803640
57468989	32202715	12794591	13222015	73154852
68679920	94043357	79597030	95578642	78361745
27822110	61079594	79214279	74075789	5137459
34191994	38892699	92774644	32182410	64898681
7429233	34097705	13770020	66790426	12591906
86857070	33210826	65961525	96426328	54606205
7195005	46292025	87015362	77706230	53544539
66366476	87100845	90127931	35669600	28558003
86185474	59630144	95853542	53313411	74437153
53283073	53733713	75263249	97687912	1510522
18094186	12665016	38420959	62298478	3492974
52023105	75979595	74741185	64261681	54370057
22616397	57465672	61403039	29072041	45823081
22372696	23503769	42950138	82587504	49774427
87300765	71985661	11551064	12913369	25115614
19347379	97953923	22150303	67334061	58213873
73986808	85639042	62149498	87446816	68110984
37575019	59227777	69996233	77855034	91615496
11572376	33384938	23623897	94513078	23778388
82134283	90523573	83487739	32709918	6132263
26917990	21310297	44249571	30774311	62848757
3712924	56536644	68227705	39441393	56852094
29593682	57847763	72719135	81285350	68711033
33660082	94190943	51210945	13011621	13538597
42686914	55788431	10689950	49095760	67060434
35572093	90515432	75396965	72443295	71959157
13412445	78596861	28573370	81986885	80090960
32069038	1107360	35472469	84408140	84640251
7260929	58783150	37965280	16733782	77403556
37648093	38107297	58494921	38564404	50358569
60541131	43588033	16700082	23243770	77060175
98546601	56743261	96908761	68880607	67049063
31140467	49147804	87177119	13251275	50706059
87457402	99317694	57581704	34642938	87505949
4724867	68024482	8571217	51666999	7858285
76454857	19449216	2324855	2862375	26550791
66431261	16699784	35881708	92703236	71839103
14106072	34649280	34907544	60979574	62732185
63141793	83783249	74401509	91993237	6806785
63249303	8155070	46495731	18474976	72855069
13919051	10251572	33042101	91059412	78449050
92004819	47734483	74804509	22115586	76913925
59843470	93169038	69363318	11701685	26842020
54729813	42507006	69456087	48297287	71094517
76146420	48191772	83150926	32827125	1445647
78235653	91849817	29900988	95075370	98401658
10694286	27783639	1841170	75656385	41337663
74390275	51012811	46423174	96722126	8072688
56575692	22496792	92281363	4889256	75905751
12244989	17905940	15114683	66560395	86468366
14939339	11513511	87300175	73952138	64604891
52638052	18965189	96568816	51288965	89662519
89768476	37208462	6271655	89306324	51357822
65533226	56721359	37925334	77629562	38564760
30277810	3456050	59712234	11796373	67979012
80270696	35596190	44856784	76519519	12826987
93539213	97782035	83335194	56537351	82517869
77624545	63653796	23512344	92379057	95931992
99146536	1465116	33846656	8427775	46352173
57409875	7617103	61271226	13760334	86461148
40194981	12665103	11480468	1051281	41979184
57573273	95553048	32250753	64807193	85800901
67221591	56895582	31929030	20571807	2020267
56501329	1167128	9824922	87920579	51094603
53249420	98464052	13044491	73435358	96797752
97922951	93501577	56000029	85104551	48131180
65899543	36834078	27220123	17246583	5285149
44702944	68970143	57455146	16452558	60785830
85718186	63063385	74560542	15862376	40000751
98746444	54639213	70957744	49142680	97005603
67760598	8347682	52570324	86792273	93001434
43271788	32771078	79279463	47632578	2316669
17702419	28605128	29168357	95797462	79271480
38426000	82108605	60948266	97602143	65388626
80047913	71205786	59117112	78911765	16779094
2481076	90226182	83136195	31099676	37632018
65474408	63349676	43171448	67155909	51911126
48996165	96272733	36583004	22275131	29796915
95522006	41135494	22877535	83791171	27214002
43813692	16482820	72081009	43691281	79320663
83095313	68135106	84775105	48346219	88008107
91926826	40735048	98357107	37282197	43046837
81977230	78697255	99737628	46743116	37709708
25202675	98459659	42821086	93341644	64083975
23074969	1255195	56325383	31421836	29212116
37814991	53544032	49715593	97616021	53903962
78267339	69101271	52950151	51037095	24356227
97517150	21513742	61156855	67786471	98989774
91222056	33428062	64525241	66471182	46793921
16593572	20299035	60227426	1692705	13907965
33123592	83368420	10663232	11565729	38153318
34427077	40194454	90077241	29184630	46015794
41825390	92619815	56000553	36353941	37399444
98618971	40811653	92970179	28664329	15273976
75588500	22209966	76019469	41410915	6113580
27554440	4746126	97170756	28584789	8303048
16755368	88284084	47546965	53009191	40870946
15123606	60410528	69205382	89397735	4575968
26005728	84344698	41316688	11415950	89971152
60999756	60150979	92047723	75291156	14668642
82492718	48128343	74644847	68535422	91331347
28305821	76552251	40054748	57858082	16359256
43947245	30296119	60475945	42200543	68896843
44363425	99753635	27576918	4295449	82768336
69580096	97591455	57187893	27204328	22206421
99484529	10554336	8795880	3635664	84801255
18381264	20682396	6765234	70999058	36034421
90691860	34255786	92413114	4810854	75407920
90258120	20141240	42950111	72625634	78089743
30566042	58366140	3857997	24683270	46466279
5561816	39541191	88211040	70418372	29389287
5886352	40983286	88237816	66205551	48039413
83859596	34880739	47057247	25531110	32305320
33110169	94318525	27769889	14192077	71962922
12863467	62301946	18633071	5536321	45037408
30679229	83763676	77016501	9129910	93541017
32482678	17780204	17733862	47199756	1480853
84854313	63115764	96672376	29527935	99735205
23762016	25430311	92513701	33317382	22994772
13186317	35300249	6990202	96829643	35538670
2989566	16012050	51632170	6059049	78618021
22877882	48362134	46386103	30225278	52508253
99920633	58131763	43216549	26257105	5783980
14961536	55340008	78884979	30131582	38804538
2633059	4418995	8858723	13687077	99068887
76910652	31298906	66250304	90792215	30621032
43539948	24979141	73109850	15396379	87797929
23912882	45019059	95248989	6694306	49792573
86553157	9011461	64109485	78643997	71574689
38963178	53329204	64006294	59823462	6852187
66351629	10332264	81291067	63712079	68532505
2661521	25342602	93580275	11795584	7713558
48952580	6871085	13317772	75189737	33355387
50722399	9746096	5482614	58551869	75452414
70234321	5536265	56891919	21851661	38926339
67635921	18356137	8478733	21815017	53162892
19920638	50716214	48513351	4989084	84953134
7070321	11449836	34038480	18547722	80733766
91399559	82358182	46695693	35702888	49217200
25289396	82946744	77022825	73675566	4636775
97580997	37182995	64100326	82223796	5032278
91102442	51477814	96249231	14531157	23588358
47016064	35116456	89693755	21132558	80457758
43123589	65465002	43241808	8743544	86447807
43696928	37257745	19993916	62103101	83493056
42205683	17058764	17506190	74678187	29384046
26500777	50693353	1526821	85710346	53977398
98642664	52914676	67720145	86905275	86320320
37239335	79207452	59395208	99397983	95259080
78758820	73760793	4959092	3739890	29377562
4191013	47086167	46249064	44803585	36351841
88368076	41172133	16987256	65911502	82519609
49523228	80997261	36790473	74749786	80988178
49595116	81737943	32757413	61991904	93194558
30589651	55521321	7693879	53553443	26190598
28222834	93262394	87373814	38036480	71444777
79119268	88369724	62027087	4164617	7609623
6327050	25686574	76789730	75691060	32005816
26852137	46781627	77317262	58200681	78341823
69660733	23417385	94581317	16777818	45721730
66611457	4999804	51005501	10893199	62894259
56111352	31396555	7171972	39665219	8375703
8782506	34223076	26042360	28466643	17505533
31787737	93304833	53179143	29898231	43623833
37290149	4345700	14150639	52843269	41717766
43581266	12257889	16090535	74634113	73415193
81784568	51919337	17835751	63416072	66424524
80241005	21062061	11111971	7110625	93580033
9741112	57151777	92459747	57145090	52521700
68984722	68565160	95237949	89132792	84612122
59986724	55286684	59728944	41959916	28985710
53658104	6940692	1337613	67245898	58082089
44950619	81268083	83301771	76899860	87035796
8297168	38004032	35113558	84965655	20492151
13978186	81741260	95106848	61406777	8630565
46672640	19041474	99347143	20715597	9293200
5593335	51218404	38672282	56863840	97741274
80749585	12900519	70270990	43112721	47342495
65032103	38830365	93521398	9341633	61384902
19410365	72781151	69758758	96649731	81213495
43200495	9128185	13612183	57731823	30992357
26535695	51099184	71492618	4894838	93683517
51514632	25558389	61895698	94328515	32163966
58748752	23112551	15339966	28138415	78846755
78788067	34342436	13188970	38864619	33694278
66120847	9256078	34419195	30930906	19053642
58026785	86930996	70506636	37059046	87989539
33435027	17013705	57135511	30125730	56999787
9768380	29999970	52142937	14400096	44023317
58953317	3582009	36982204	6522776	68160619
53134622	49311356	64628453	93630744	72778479
26525736	51805804	77166781	37842456	60810576
63471344	35624429	27521522	52051507	36587008
11943016	66850801	19204231	72639624	5918154
89625112	89175094	12119826	56433949	82782611
49847275	66577406	1153402	83410467	17633060
5985283	88556386	29984229	66284845	33573435
54470220	14397280	10820256	99753838	74138313
24697151	71422788	5872593	98066593	38143770
25142434	51745659	21942042	55415884	4523143
20945287	71564558	62435999	14814876	57790231
36831510	1865054	62675077	63737087	93296728
37552387	80916498	12085020	60665178	38122158
26750375	12056126	10107844	60596199	14856977
68673931	90507020	4227167	31100800	69672765
90902101	53572329	26256918	85619580	78768647
29122312	59951098	88096205	1000987	9345073
41029694	41692397	4013240	36254696	35991084
59158344	70706307	97328394	36551763	74813058
35445618	39863757	35962051	24316115	78066574
43736823	96905369	95547168	44783786	4074393
39700893	45337677	8189953	42036760	49857615
61513048	18362211	12574064	93986494	23754623
75662149	8991985	34097356	51915054	40539681
69584488	24335182	48930569	87050944	7339505
48564738	28391987	49098811	7062651	89572486
13503591	96103627	63407097	97313876	55843982
54444283	50832351	61709598	72680706	74762858
82384519	74955806	2395414	70962611	77299885
91158034	84687129	39625580	89903758	9393514
28786581	20938691	16313311	51520125	92654632
79374557	24439189	1429746	44414659	38574752
3656780	91185622	12674029	43899344	64020531
61524393	67464357	52369793	60017523	84263624
28070210	26420328	32083627	22936409	37114469
53107671	17665752	22361620	77819977	43724665
35376652	30395956	44317293	45335302	46634608
3640278	29809027	82508309	91557968	90456461
64780377	95849519	69797818	11493724	8306210
41069493	74891036	47498146	42098495	28808745
90801615	71690645	39878729	40701333	86403329
10534844	25915825	23200902	49979470	46807441
52087266	9064102	38345010	66765498	22410015
55150862	27501764	52461386	87389842	23399911
76883214	78470601	56992231	19667632	19548539
37296708	18997511	32884746	53912879	92620904
85129496	95387934	69238738	88059633	38736151
29226640	4757691	86432120	98617836	99502269
31521029	10652930	47633015	67048491	69938429
99730663	72690504	83791694	57555106	94106423
54647411	68472727	51182855	46969608	72668243
46187190	58831172	34154570	2446011	6097965
87251704	2802463	91988825	88036928	88302946
46503628	14739010	70161733	29288632	34476558
37299583	74776010	40784036	22294363	69248681
62992116	21586606	66828255	45196805	13978856
62146934	83666150	10530745	48111365	32266652
95670647	30263862	53686973	45321451	43227547
59582618	42575849	81422700	57961917	95520277
27204338	25033584	64353927	82358475	10395499
70988617	51395188	9878790	31793727	47906802
70006257	66345099	79489179	88355229	50888935
88607397	97255028	86788169	60535867	27673440
76163162	69961239	28368211	22634787	52219938
56869031	41321892	16233215	92551753	95486998
36499330	10094776	1745780	68015900	10927243
17614671	96538112	12562683	3692020	94852046
74217956	27841514	80694895	88976894	74448503
91214162	79361487	63865925	14260510	69168316
18342485	37509835	42587741	2847828	36368019
49259585	79219079	4184347	14502312	12405166
83331604	30132235	60603019	61675679	56321147
40398304	11872199	65048006	37467027	68637132
69736631	63368135	91750932	51629792	18015998
75483167	79712903	78917601	31351185	3249656
41562500	59596838	12844376	23297891	72702787
76849877	85951049	33282692	53988077	50376617
53799343	55271104	42230709	78921083	31499748
52442108	48089819	90957708	16245491	71089597
96726041	60845416	35614038	18719967	15350824
85995242	43887295	40587324	9065261	24104189
6572538	84104520	89913019	13272546	31480063
6365641	58779042	28814721	20888179	37013571
34360450	13025651	94551847	87897576	16318485
53524949	76884290	11695304	72931257	34213875
38130704	88477590	57269601	60544070	34391270
80446438	71014798	59749315	59325201	83220298
6856144	74391425	95065657	60702217	30841553
19193906	23971780	22000658	33398669	6935309
15878026	19269963	1957369	78617778	92330132
89704899	23401466	31643672	1286697	31287433
44486045	72828052	57588233	51627873	72792512
24891058	11993716	60877359	8568911	31677265
35503019	40692996	89256511	75936474	94234506
31567567	71172225	85065104	47562327	92723527
62144967	85218596	21463253	76656118	83250890
4291851	41074954	40736631	84981327	29787713
81059445	32114605	99587643	63952137	30562878
29356194	41281509	62470726	2173034	29819216
98767989	7217625	69349600	51035564	59347526
82041992	32452697	97158455	83761249	60949773
9056207	97518350	25534590	27712898	31627737
23621712	82146460	33681410	88148105	5898496
73377073	39954645	95204712	42634307	99563358
90334448	63059759	73884235	54162700	45597118
31843338	47048255	67357417	80846768	85207101
7102211	46043066	75400373	62562025	92624747
51085423	79809823	74589567	90756566	94141506
72236788	2224497	61877650	5299034	58884966
68948558	7490053	64550719	10135580	91299911
90221113	40305407	1708351	14747175	81901484
26638878	81370159	52288144	58954666	76800438
33273424	11809590	70789029	70831863	75379116
24790249	21222518	95498030	73727687	72451146
15637774	64412079	47370385	89906827	98220006
88472400	5431812	76770109	40230603	75733932
70029418	26621357	57184127	31226426	10261852
17821206	51716002	50885205	92341718	14660966
66781766	53666390	79606448	45664463	43848942
3640691	63100421	15126167	56927328	71575872
93239230	74244663	21815460	78299728	88494159
48306363	83016869	77174694	75153610	31007787
67559587	9069542	98093029	80368150	2908889
40441144	45390545	39743660	5501992	95575735
4085044	74274807	2852387	3225311	56750287
78167583	28570736	15319714	97010808	13886237
16706243	67262712	45950372	47246747	4827791
10269377	92711631	59151468	8909130	68920812
73851222	2571632	47397718	16853570	84008648
27020719	11364354	44728282	43272556	18068946
56833890	32429418	92191171	92936214	89163303
5971198	70846161	20712682	46215631	91712924
82753405	29439454	84175420	22737177	4643307
61214708	58153768	90687505	91571663	89228773
52404147	61756091	19504009	67632091	41162194
87380294	32932234	60130569	94761699	53141145
58759655	2757866	72946337	19926633	72217488
83321117	67647383	82261291	60842808	36825444
54049322	21058586	78364854	87735701	39601393
66885928	83887636	47728594	45968607	92995077
2985426	25212263	26251021	38086761	4128735
57334033	26355096	30260297	12368832	40501400
32385817	10805461	72568582	63205953	8914971
18396745	4183973	19788204	15165696	37010512
96437325	16949578	51718988	20472360	92463396
65811415	52000297	52014209	4690782	39347666
23983160	43212344	38879729	78140214	73637267
52966789	72291064	36278070	42127342	32112823
74086834	82562452	62648548	66940878	95868457
91367465	42882243	59956541	69704752	66798503
73430709	94493719	71570234	12135545	1238579
28946647	81109080	78023060	3188169	79831050
16548345	23610772	69013656	95687880	40348378
55300714	35261399	33165016	81964110	38100725
30974569	42000490	55334902	71298176	78785802
70169822	34198028	87721237	77032730	74354322
85347413	23362545	74277690	98606762	98954096
26095535	41771275	41816983	53444773	47851889
3385271	21215486	78594337	16479598	38805333
59017232	13224703	49476716	7357363	99147856
69416467	7876558	54536348	45108808	84806836
12408256	90856567	27511137	69487823	84240216
41282449	3850553	79686467	56041780	40382285
97781518	89974772	87058430	53928070	29584946
43250656	29084839	5630003	88124127	78046812
84809945	1831692	85107492	28283876	19222945
64043558	24525539	99934144	5146274	78909983
91521391	57012411	22070831	74457881	16887896
81706489	82256189	45439093	35317377	87108068
30335137	59422590	94813125	72186289	99222842
59942171	97261318	66200790	19868612	42226041
95742855	84835895	97757791	63654934	91444378
73881012	88008625	72324427	47811788	77273552
34156767	89878202	70522453	21462876	76010824
43413509	71932510	15013136	60700980	15008283
8584485	32785516	96513695	62465408	34659005
95377227	33840126	21519901	2951091	77157025
25668968	85245577	99702121	8655382	22678973
76388252	60034857	79817955	85761526	3640451
46923970	35405279	67360630	39381604	81931174
18851184	34887970	76660682	21300700	24042908
37170286	55079091	40561242	69817927	58075831
74852011	9230142	69424502	93866507	32781999
57110705	85987474	89130649	14261808	94193615
14580952	96934719	10681525	26911669	4459067
95353627	74536882	10105020	96896905	9774928
39041465	20876182	53143417	96008630	93736760
14366286	76372392	42456393	52160384	89785861
61165903	43116564	45124155	30403885	66714177
74188951	68978729	61473970	14459438	97738665
53598286	57306369	3748761	57933140	99958368
27596406	23693255	65157320	65636605	18135193
5330570	50147459	11808036	8120570	17714821
20749061	8967080	91725112	19102350	42108940
10255146	34307778	9786852	29261280	84758338
54870492	5078086	53943109	1315357	83436973
15805895	11075866	4567869	50615836	95543361
89086852	42496523	70834459	74059556	13729452
61074452	64992080	83088732	78483193	52839368
25083160	45755686	76017838	83008681	79908764
94902372	28600078	11863819	38530780	3278178
92464849	53872125	24976461	96891743	77169325
42912643	25084692	91855320	66374027	45795766
46887443	15411754	95963491	69872762	1647174
10510885	40677407	58042982	59284855	78250869
31636142	86247049	27868791	65298946	25431054
29858590	17064283	6284252	56360486	17275435
45844943	39199176	93964191	57367388	58089684
94951243	61231099	68658459	72678022	31718747
93189442	97072392	34553694	36404592	32374147
89283608	97292797	53178141	72302082	24674928
86729654	16720953	67667313	81428449	43296516
16761583	61005450	8329263	52816488	74021596
27999618	11558668	49599723	3128779	33881112
24929192	92678115	8755843	56319565	77729458
16144833	90166906	36775644	26080758	22734561
81767724	80393837	94579966	31993838	74319346
93760577	73971116	16732618	25363528	97677485
3683343	51664089	81780388	16766831	65529744
14785701	11073690	10702647	17809253	93793073
16105874	16700872	64222084	85396706	30129481
19372313	37564173	87902696	58020227	64623336
4477898	83011527	18479243	12565118	17294712
62302828	33891619	57352031	4136859	17598503
38756081	41391359	60922650	46006562	94644886
26688508	88976723	77719586	16194597	27917851
96673043	50834623	36276311	84418208	72024459
65350611	45868430	40897667	69922277	60246284
90136940	42912630	67692622	46354586	64298385
67167454	35367168	38048666	80756124	66533436
1929808	53183018	52255260	99400555	64708710
67578384	38817449	56734015	33728135	72671669
9916835	16567699	96820761	32788052	84946106
12293355	75697126	90143875	5769936	13868426
28249358	53322247	30441364	27217681	4654228
98047611	97372078	90830822	73806598	98335612
43363929	79581008	63572486	14600849	61597760
61723337	20987822	25638521	85120037	58362262
93484342	94480902	38507381	55193261	31120757
45825945	65260274	34730987	20161215	68586620
25919263	1700010	46772311	11952429	52122954
79222974	69298972	74466607	70769293	59603150
5809209	54709809	19294586	44754211	26315368
63896035	79712009	46414487	48984875	91031916
64480674	71357656	20820540	32090535	92519795
40881508	14202104	53992133	42592360	71224864
90626225	93024828	65784851	59684965	25320756
96759769	17675345	27292362	70113514	59373000
98472890	86425005	67273838	72917245	83091986
12934344	27637469	52850620	1519298	41508394
39515849	43203814	78944274	80811739	92261360
40066977	96430696	97066303	60847036	23187906
95137247	50758819	3076217	30048156	45503654
69549052	34553416	99065913	96059019	7344899
40887085	13661402	53150209	5377090	56733308
91678870	85644855	96709215	20178911	32980586
20939470	35739703	58482483	70729869	19737576
12654321	8555927	5891687	89670299	59130696
33531983	55195851	67176448	55901075	14241632
61973830	21235862	94226143	95072021	32374309
13268427	61115098	14280202	84384530	90271954
48132216	33632854	5651362	65934539	66020114
27620847	13929254	60627130	98802095	80879164
42514392	90788915	87727112	49050913	5670875
51906954	33264513	51961483	84345031	3600104
93276772	53172028	33619470	65364467	53533298
52854023	34502888	50881302	11775492	49352941
25476407	52391222	54516986	5788487	18645462
1147604	89639822	12192629	90209715	37470417
66658713	54724534	11473098	68584430	52343849
37793963	13746081	99378070	59611198	38649951
99437739	88092388	20507753	49430014	37813390
68943921	27700393	83958688	5860947	42086317
13411862	67128550	68800169	76322657	91256337
36766308	84044754	42053463	85382252	70748681
13693317	75087625	85913554	50848403	2731855
21802065	83959547	45444666	6554069	33486725
97785940	26801823	91000047	59756078	17161224
39845124	78729272	70394706	91965686	16753782
9255195	7513001	94589504	31977696	55739216
78319672	80961042	80351839	8354856	62137406
79322000	96033830	23953233	45447780	32624964
94749407	2881339	7557689	37095199	57232078
48385103	70794089	54309133	87911624	13843122
26652024	9573346	3001032	79805907	34122985
99705750	46287482	71619606	66736330	66892085
60512814	64773760	9296122	82204816	30536430
17824764	6933309	5765879	90408014	85621571
13445001	74886080	15618912	38096156	11786757
76542053	5922711	61223046	55561647	40980251
71217319	46533453	85941741	51726625	92676980
86303261	35586541	66070578	58279149	60504328
1414786	33526478	27373546	61949596	90993891
76824927	25089783	95726285	96046531	73197828
31029300	16780652	79020679	78107621	45020645
72039082	45724237	44438480	34652357	7610008
87034563	62617477	60997633	92439892	68174744
65282287	33083288	22774144	50901747	40929440
56729207	11561059	45345155	94264843	86571527
33214850	98076836	37826645	36687433	29816396
91134859	55284636	35393172	41038860	19451961
21532189	1465328	24189132	79084473	54040169
99036980	56984116	17796609	28996297	51906828
41082816	7734922	32190391	50776191	47434218
53025781	28575258	50325426	60743144	58790466
32353411	21070699	60448555	88180636	54662045
78129303	65186854	35319561	1890387	18320981
58034494	66114111	21800628	85358659	51605849
80862800	72926714	46228224	11735470	38526859
32358595	3859532	7632565	64358008	85232438
47684863	24036438	20121673	17225356	5057657
74195546	73986512	48557976	28146467	53149113
54012292	29014052	81178461	21821590	40621682
10221140	59979162	18153760	64977372	9956603
27398706	23644353	6916122	27214326	82389508
60395415	18975988	42120935	47739996	68661618
98352037	36098622	2111809	27311436	7212011
4760674	15863476	80241871	45326139	53550858
42875074	93505093	69899330	18292396	26065807
90723868	26449208	88108502	4108830	24090224
54301942	29655233	85288661	5324924	84790128
67897259	64279671	56630228	17034790	72871985
6047260	48735033	16473033	19588632	61638249
47161854	82587754	83155222	66486898	31547452
16243322	42873694	17491764	74876798	1612456
11471859	36914469	42602519	15065802	76120596
91980005	67564541	57099399	58459770	4910985
13442446	79210667	44232525	33453775	12184504
85348209	86246982	41723885	91595577	40142869
47978488	59206289	52352398	46163190	64283395
88968258	48138179	22510230	21483174	59819899
40257351	75845853	53310956	86880631	80704607
69679766	16724851	75186399	40371160	63584215
57603759	49152897	18962713	46476483	37708725
58995884	91146024	82821577	57860571	41067270
49323542	5262804	92887270	48963866	68546104
26071392	86697658	2350321	47561246	95765485
33350746	85706835	96644812	42797052	29314070
41439638	78351607	5285954	53006058	47899306
31148974	22582530	38115962	84737338	97620289
49748408	30549320	22406442	85803005	29839872
1239196	18044951	4975196	21150183	55250340
36098852	56416005	87422568	14378997	56731946
68457766	27169909	34408512	62178824	4013069
97352117	60971572	43511669	30436844	47503094
15621202	24239444	77599657	78362354	97467448
80755587	98024692	60590110	72428311	7204201
10684217	81407904	42870540	48876323	65150267
30032318	44403489	59994259	61842761	90388231
14011880	84780001	85121179	13997457	45078446
82429773	83230523	83070567	29606746	98643600
64815964	3030527	11362832	60302077	43147750
83252853	1217975	54081733	83624261	84664428
60358069	30382943	92578695	30827937	77983389
73200788	41708725	68080349	49928941	41391746
89226956	82389253	6605355	10252459	20849495
90499489	88263964	68660560	72887153	66447837
60307702	61891564	44082276	82195134	26131568
69238910	80411242	40172802	41143021	18956274
81538831	3157585	84336616	11570407	82081559
8589908	10580640	88974487	83267111	71627493
3983261	90617073	52247780	33655980	47950956
88257459	4351247	83561908	12721590	73528532
74228951	97590259	31960535	77386047	97523155
5090148	28377285	39413474	77385909	46113636
46568858	53578567	8401307	73397461	38487973
57172650	58104900	71587898	5438062	76107919
7504134	20177075	58115143	46759678	95869678
6377931	99699158	66924530	50840621	54586000
32380666	14967388	53604551	53824002	36664653
76537764	87220675	7026112	41890127	55383467
11184830	99003414	90296163	73663707	69766993
41673714	90245337	37211357	49959479	23658149
18589201	56802403	73515752	5095217	90699780
10178322	67610269	63859001	61704046	52055108
96531753	33029783	27898539	4462038	73243149
57630420	58793440	40117577	45287313	37383290
34571680	23171950	95873766	44333698	34049467
95050325	24904656	18819264	37870927	63518181
58043703	27788959	58988538	35575409	74182143
11360983	55483338	92273891	12929371	98384104
75887703	29170669	72969789	52600358	74966243
12831265	66666838	6835109	78201094	96679193
90635174	12648410	86928538	64896015	49705422
61263918	45946632	50070752	56412027	92106193
27524275	5810032	30401798	87736864	74266577
11264728	51228396	45612869	66522939	68647819
79471835	74105599	85174625	68390639	40062166
22670988	60489171	35335139	7609421	25546920
58644490	8449295	2376184	55664220	97397417
85595285	89393268	58200373	84588236	64232715
18602933	55790673	37389341	46472911	9773089
8100694	43406226	57544334	49182369	14121871
4490634	56598706	58089228	15213126	49908188
96561195	73785515	18787310	14768785	50176940
5674157	25978227	44465136	25842530	45624286
46467825	72530735	79283925	62496783	12941772
1038166	66341624	59762135	13580391	80408611
5395604	5349046	10978624	20120776	65357260
20331001	88874705	84613817	98638269	84643349
17283503	31447630	9903877	22034263	98728714
37875187	5246154	14970799	89233348	77271780
45071223	70508362	98120261	65574834	67590428
33707223	73311828	3358948	23557710	56648552
55327717	26357487	67765690	80071085	59609414
17907105	11457053	55316953	75887338	90758634
49352795	16883386	50693987	93495794	9047215
49747025	15794114	78038079	68979584	46182288
98095696	51709143	81538749	62334004	56860331
30820896	49758422	80710658	44564241	15558495
55151360	97649240	27371973	61229312	92759808
29302778	30603536	58107519	83193346	88424719
29584215	78031758	99164748	25366108	81491786
8784403	51651547	39897018	97352268	85561387
84787578	20938531	28559552	82839846	56767553
13659344	81947789	90550332	55962882	96587609
73805215	74582721	84422061	64621652	48452718
88682392	22272096	88723712	39109775	47909149
6650583	65661247	3297241	76454068	71600789
94488375	28651415	38485787	83795687	48576691
96787569	47807892	83763399	89561672	52811246
94024897	74706804	48825151	37547422	60659821
46115007	32090732	85773224	81576278	7817402
57891918	7666921	14374683	97027996	64382249
9456126	30842563	59953687	72225434	65936862
2736971	70060817	51745633	46440886	47243382
57892542	85278871	79371915	15823081	99193489
77533103	17128573	1705873	5068078	72952518
8406399	71627289	12333846	66289202	99041864
2915809	68404475	51505207	68045403	16528960
75583487	85501438	6931697	34457400	15985208
7536426	27491604	50170380	13950883	81984071
74110154	26524257	81623934	84748147	40101233
40743160	67657437	94647587	81594905	2888212
44469697	23123033	49314650	98769141	98756187
91551880	28174783	23446003	99408253	97987136
78153128	14209964	74301868	49587523	64134484
63425330	91888871	74072178	62111941	59505916
94390503	27953622	99221636	29130238	8273175
63067094	23625135	29500420	94445167	96423212
30678236	20046797	30384598	71794393	41464355
64892161	80107499	44684799	63258022	4892039
92680508	45307782	96884395	81440276	16214469
47595124	82290815	21967367	25376160	41254423
54508045	77948264	63432107	81086789	98164496
10161317	21182258	74459749	45613173	90181056
43428825	43403636	61831190	38001390	82492288
17331807	89216026	94164757	92325107	29138591
12988019	32236951	46133572	23978845	22576740
64616947	76289725	20674789	56942907	8123168
48386901	78664422	51433949	29322818	23439843
78687571	13796361	42107429	18870325	54708687
21174639	4174393	69862701	21407435	90025991
81715986	8400102	76496048	97403235	57075129
74341436	57110328	91990138	97426538	48583656
60801219	69915025	98226238	26934818	56291511
88821526	54047633	10577073	9201295	92672289
91607874	56129463	54201199	57666845	26289303
41107853	34358949	91662414	65192536	31121676
24869711	54764016	98169886	92910663	7981001
99475367	17760709	37671139	26848184	4725709
16010425	17725948	16594207	23662443	95240051
15111919	49094241	76986674	68892478	8282947
23275238	19697181	13712082	25191074	94994257
80089345	42320826	18573632	43724815	40026414
87836454	15053713	4686162	95221122	11764621
54079990	73987433	33778064	61158025	55002981
52746545	55759470	50913859	33722708	96791655
36597502	74176052	64866279	85147098	39183359
38725559	14611019	43142784	52732308	83602112
11831366	7871104	11330110	78664322	26369770
53544367	88932590	83400202	62309299	3790548
45802454	57019299	39000629	28463332	49963814
24017647	16826180	20231677	46484056	53531074
33849653	88684967	15208723	5161572	66221885
71253919	36055941	7609569	28511170	54930385
94696833	10702155	8549286	41465275	76405720
69081920	87830388	96782458	80014591	30884338
79727118	62425750	3959476	78499373	74264357
7369836	13570941	90749697	26791573	3815709
7466559	96459426	76262404	47948894	47394459
33185892	79199367	12221390	38936124	91237872
93934187	62811987	1600703	91865370	90137251
4199385	20718224	92304758	1988455	72358359
74245384	45818362	7358309	22717612	94229056
7770662	2561401	90650048	81402096	41800826
80655855	38260727	17713158	9811282	46398999
27344271	68462762	39002289	11150357	50301718
33890052	46839939	64384196	44256677	72314416
53751879	63867602	9762781	51064325	35075913
34551136	9057105	4194848	48027964	32534999
81474633	82984218	58337448	92016037	17100998
90145709	37997126	98388427	4929680	47793126
97274329	38809214	92234254	2723316	27024826
60251492	57042318	64979912	16489503	50114807
27150024	71171002	42936845	33676700	17598441
71825233	53985336	87340114	44224418	36223795
21527107	14535949	35576439	84469580	32420679
80622337	33583813	14464812	58453954	53197740
89096925	43754347	54941264	59916320	75123644
7601485	81552474	74876862	1284105	22142721
20947581	72171823	93687477	21908400	70146264
32087870	9866235	92573260	84858453	74327919
53313028	5411913	36481599	18001289	15905822
76420041	63551549	45628510	7546514	7736794
76663674	73308056	57178257	87400298	60139909
82201629	17083205	47225232	41286886	56440244
5063773	70265919	25996254	92579971	83906205
59585829	95774221	88451035	38888008	58874079
46287441	25083717	55328850	59559562	50090419
52049339	47060219	52259659	12171596	6190486
3776589	36782906	21228143	61870487	69029771
83268390	5232279	18868788	95203059	32382215
79587370	25705883	93343598	21889821	57475397
42255677	25575384	98831175	69511188	63009136
42958136	98734867	64461918	20243450	15020212
64358767	76279250	77305730	72376525	82697188
71305415	88350137	11420550	60703633	20202361
60491971	25780797	96483624	54783398	68559447
76834756	54014853	59429748	88640350	15574831
29576952	6143259	73855133	33392124	88947424
39083165	1041358	14714456	26570621	51237606
53325462	17822448	43215490	7349540	47164033
62905616	91653394	66483412	12441767	40970647
86130852	91168846	70975559	24498038	82747506
52832519	11907481	80402119	85863340	83140621
80771055	40717242	25631495	94961334	44022512
50857748	80343611	22849681	77408672	71777977
32036906	80156827	95117499	48226708	23652573
39298606	86154017	54241261	30196539	75646400
37968205	14036621	3241944	99961265	59828613
35596526	51210545	24766777	47144837	28037190
73015749	92349042	27257655	80254583	13285739
3030005	34138736	20408747	27078169	42462694
97188657	86379988	28829368	43512998	31189762
82598546	31523623	94463340	58818363	45198899
48363003	7336919	69932084	4406118	27066835
71693720	39907733	88780950	46997368	82782744
41389979	87737217	13912794	95398182	91099499
10484950	96872889	98761953	26402252	53536565
93499199	83220691	29115996	81719985	16547623
72108116	2841827	65142278	7332340	53588577
23525731	84288180	71402075	29185807	8316772
34737579	90011790	33798928	43915149	15639082
50222010	22430487	44907681	80782031	90201895
26768666	38034108	1045239	2280239	77313912
51018161	12717038	79235369	58159981	69917288
95256137	54456714	67774324	76432585	94028769
78410974	90635695	78075573	40487643	45519338
12986898	91161123	23747142	21174603	43757270
33781119	78405739	15502965	20181493	1999431
5550163	28885277	14846681	94546282	83345504
12745967	96034397	10797590	2877163	80461771
91978955	28901527	38147302	30597662	35781126
69054887	57085900	15650530	23271691	9507624
16549012	65473229	24807793	7460143	78838847
91840304	9660518	94428492	93872555	92918032
60419478	9248265	94285528	5446442	39226502
22493046	81419868	66114605	81896242	70664740
23871965	41962646	8183877	91018756	18303363
62788012	26408620	12358149	25866740	2936678
51595250	30486572	40246771	82305565	60832151
63310066	52026261	56947928	20879629	58409605
31557538	67049632	32844172	36023283	17017869
92609591	94917638	41141485	65216198	14187568
80021388	24290025	48499873	6107591	31113315
71489581	6065162	26026134	91616751	61715395
84656294	18060814	22033653	49464328	99451569
19994271	47017431	6597203	68982485	12582846
23413393	36128329	50712930	4750789	50861663
1005091	8893750	21031249	11060102	80015526
69064214	51691322	18265662	73543947	75604550
17460556	9815592	18151608	47231878	33732946
44613157	44412458	18794495	19225538	97271443
49782183	62191234	52466634	34193361	55440319
18168717	41988986	79486611	98419050	91982699
9828329	77170917	69997351	94365530	1734833
29107226	82506169	98765414	97880028	10291320
44592896	36581346	80010619	81556599	13031123
26745443	80456030	93641261	71280811	99659374
72294935	35939334	79740042	88653642	62496444
81527874	35628299	19348106	8548170	75468554
77862164	5058037	36594685	20377251	95556456
16323452	67752266	87084271	21631538	66655815
38249867	1416420	13732893	55822272	71255889
95741528	26813596	76166155	56112645	41395630
22389415	54245779	78700511	81864248	39217374
33648124	80967599	34587726	68548474	25390698
97849500	54662501	98132898	23814692	90271579
99124177	56017867	18857499	25506767	57630867
15277959	74980126	45989639	66865802	2490673
10477802	32809386	93909909	93783735	91819088
70652913	89741402	39925849	9722939	81756166
38720407	71047439	3392816	17147866	31747375
36527620	19273390	77049009	52053227	82657179
41583751	57222868	46317778	13942160	36219679
61734784	40018992	47929617	71975210	66134033
19484918	73942182	35048124	25304379	93078943
90363908	73769115	76353069	40650196	49568114
30083955	60469919	32040813	74487753	68649499
4644047	9256789	46202374	96882251	63654643
77120184	76143512	34684581	11385093	93110448
44546665	30139572	16172586	12733259	17373904
44461890	81255043	35030829	45792241	22168320
51376186	59103998	42094047	11043154	55433168
35100996	53210821	86732140	24408211	37856167
13531824	53382782	55420818	56022736	45818855
53966015	72509713	89418923	27869146	85443349
92955686	54202351	94506756	70832747	71369584
94362170	61393036	62250101	21392220	12668725
12804985	46000708	53727445	7890070	86617043
38625957	30878795	93824215	10298187	84403507
2498930	41857644	28267548	69516756	32431512
71319123	24175609	31990990	87481915	74433496
83868751	39480280	59953203	44174420	56764300
42986664	54765193	21985376	12609860	96544077
53533121	22129731	73088119	51146272	98415851
98980293	30522937	58471800	67614099	21146603
78079964	69626226	33992541	18805726	87685462
4532326	85160092	17529065	50796809	62779301
66438328	77244681	43473552	68934551	17215633
8267552	15113055	87628267	32085863	4421258
84873626	80013089	49997111	50816867	66225479
12415971	52356944	37112505	30287118	98020949
68626881	48551243	84447151	83092206	1192498
57437723	55412157	68408437	65568084	43038613
53019019	89224079	90901758	57239878	51796093
45610013	7622647	54603710	42581510	33770521
28142348	74047016	82338709	35836500	30506410
95725292	80244678	33642106	97542588	17770700
7619283	73683715	23742893	98159596	39117177
25996867	13216017	91910137	56703406	23904793
89181767	36492747	16131357	19699697	77098715
2740260	98607266	4974290	59269932	17373693
56404771	16551402	71948735	39232720	35386206
60872936	17200756	41459711	31450510	21999982
26913576	58408491	51906254	87946803	77099553
52540245	73938947	37112214	94929090	69056632
43146495	7390152	53311825	40801098	56927423
41415187	97113735	3587583	82128201	16138256
97818299	24634872	1937982	19268886	10745500
66959627	38342569	95308002	87373883	39731946
90182594	18266495	94213452	87539280	6264924
60222168	96080762	68795318	16004732	84995617
89234476	64721414	30666626	11139502	40680629
89242117	74220798	79926706	9445325	11255218
7005908	19584276	42798715	15262147	5735547
5122462	58005002	4523700	66648166	23354844
57463183	45070366	45070548	74470093	13086403
8703856	50347683	61508531	50637974	76805501
51443526	1609641	81362489	92999231	89294316
3612189	36595059	74875076	35191919	27485218
97755632	70955759	10528530	50105488	26435196
69236953	67312825	18962927	84335897	39557889
25801328	77041300	65462024	4825948	86048504
93459547	4984976	33344169	84228724	77621686
77166963	99287745	27287733	29968171	19755450
74231999	70771491	33536495	53751612	60527927
52135489	82877777	38791320	50148952	24060995
71088223	15113706	74722469	42893627	66847705
69109741	54649901	65246737	44469747	43156745
89546385	8449927	86611046	8069445	13826263
85128782	16466056	5089760	51994329	80652277
42035397	5647350	21866094	81798683	69284733
89474459	43073003	63165385	37856221	83072197
60440767	36999571	1785818	99642104	8108367
60289883	21508778	6449157	1349572	76393884
27540971	96465306	58910342	32383830	59833704
56042559	46344336	24681455	46878279	26988866
45410439	55681860	41695758	46086838	22124149
84138678	95253067	37656757	26438076	22929976
29601943	84119015	66924123	3835905	90193881
98873156	17447424	26289664	83802308	26846094
10296087	64718650	41953974	91843606	46972057
28096445	7083778	40518829	1628387	93352198
25890790	71548597	80134779	27008173	87008881
64643650	54827653	2911345	76537687	18522884
35005508	29321932	25179259	88150793	23834565
2621544	76708438	92621977	61343656	64188667
26798904	90851749	4570410	2542635	59888697
15464485	62344305	62382305	67853098	25856139
5676099	94475203	95872258	45224879	24855054
34195064	67537386	27439494	47195556	41930758
51466436	32308443	43162613	55682716	82397070
9158282	99380852	99752500	58641601	53818791
37809666	21746967	12874086	6149961	30659775
1866972	84926326	18415302	35869205	20519394
97044113	67114327	89492013	51445368	91030238
18049703	51469875	52294384	4046933	87048528
54482635	48397062	59231273	62700948	51470650
92843303	37602420	52276066	33200830	13839266
32182659	51374161	46038487	65625872	30687962
36416561	62295308	38631177	32550838	7534729
77450088	46886304	69645729	47117584	78175099
17142424	21413854	65567812	44832343	43881289
18385500	34767560	82101586	66614290	64446889
5073406	96090162	24193962	66204613	92178091
39647708	55533193	81636843	5791390	83569601
40467319	91918411	36158998	81254178	41170028
11284145	46854133	87092435	98648438	90526227
62338594	96761603	10261961	30539726	80432600
89718719	8995953	52020656	16623971	97352286
42123063	30808575	79171963	70748005	48738286
34556126	59808347	57606840	86339903	88354746
48644920	52792640	20040197	13132768	48258894
54661451	60829970	27689803	59156786	74920839
89513341	45885876	58770518	61621004	65153736
58067964	88848950	38447584	43774107	58181355
79698790	15322275	66552067	43941288	16386917
19659506	25799233	51325820	19836086	78762740
25947170	94517217	11556190	16899096	53314484
12037395	53649494	75308146	47147038	14659663
8290180	86281744	91388030	33353376	93125545
16976963	77406220	68201959	98139220	61457995
12553538	27562427	86856399	54349510	82570608
80207842	88588936	13103615	93875412	47187021
19301867	64905110	26681691	30430302	98389166
42217848	88818321	50863569	89679620	5669795
84383739	2178125	65146300	46115653	21417254
93839880	83551638	77034781	36660301	78973469
49275842	68018923	55554363	13341515	46715093
60950213	56795524	32144484	47332221	82109589
2145387	8840095	89611986	55023685	96859869
7666631	10471343	39057661	24504924	9207187
50431192	5830440	80106421	20440521	41875140
78222776	10297144	1594854	91922232	93222364
83102738	98568334	33553299	56630721	5278147
80787638	43464841	66790224	55497340	90114813
40700943	80098726	32752891	97407015	8270530
25946845	35484269	85868344	10063078	47552426
64712056	2208099	3921572	56219925	30712255
23678710	69685771	79690839	89143131	45136039
40547371	60699133	56692035	68426843	38792087
20905660	22399751	25587667	50503096	96556981
8316280	1193677	81872185	84315970	52497999
80237978	10962113	64412283	59588948	77957362
24826358	54574098	40412875	50464644	23585947
60557808	83948857	20158990	70806379	55269051
18603679	76155690	73667684	22035205	89121791
51828489	51396370	91564477	93369620	23915776
30057197	46233685	63634972	27399339	49401836
32891905	64308469	30913718	49120093	62257294
80025328	26333376	71664809	36853594	55262085
19554947	18024209	99604475	95829483	74598482
72996742	27301574	59673869	75854224	91260705
51447322	6913603	89587110	31383863	34551743
57145043	21755444	56957450	69855773	31311544
43050939	32106630	29096876	53162463	46099787
69571941	44964178	43028161	90129032	73540407
19302311	13298049	18081961	25400996	13595834
80854472	25211279	65229298	66188581	35152414
45673921	1926716	9290666	69063877	5205554
1657116	44733212	68143665	48603790	64119077
59927657	46986362	6102705	29641186	76267151
90268706	66594231	42395981	7540602	55461639
9214346	81625646	59762985	72158379	47884700
77477370	37035924	21574515	74954630	53338929
90951233	36945933	43063295	77370056	43995454
19841406	9326279	64804637	88399057	14902769
37414482	61544765	3510229	63617091	1604005
22279092	47821331	3279509	78582732	33999628
9831330	10060527	74724464	10765317	90833322
7513388	91096783	48545909	21240061	15396546
74585946	15494344	33197744	53439679	78933552
69735378	63635687	69101235	85535093	89277185
35991478	85341343	93736985	25202928	3838338
44767656	63779240	83165253	34270984	83268046
3561325	53294439	98165651	40150599	98141884
52266172	3020077	71451786	16518579	46467546
45493068	37149039	76120615	9095733	99788479
26801461	28628677	9016322	67356434	37733544
14951175	14297473	37907874	74985205	76172989
66877272	59158030	29875944	44654064	15097198
87925030	64164770	80611150	87382054	56613575
12149029	87253660	89439069	99362021	29065905
29346266	15872437	63613726	89451366	33487924
46496787	54623969	82107153	27864820	44924865
62008434	9477362	95265312	47426663	51234544
4430783	37311740	46741921	63476060	60089434
80511556	23262677	69295331	50304282	61109542
12330168	94975664	41282902	79207432	85518277
4721855	15235420	24477639	79925603	54943930
13909861	76517055	22489580	60402767	55446272
22774931	31518959	37056099	9783967	33558611
63788133	97731734	93222413	22714930	30697401
59332303	15543546	97440717	56604991	4356426
77602560	60693326	45977035	52731190	26302311
58647485	44742154	37874834	49961945	72041298
91535800	75960051	76698932	15797520	60880220
93406300	56701238	43618129	32276857	52672550
28973988	90143780	22306561	77847664	63589166
90792223	8047153	41296985	20853830	67478158
48463507	14555576	70127838	93037944	6865098
99073446	69273704	76698757	15363330	34580531
26198787	3915912	20746203	27880771	48141728
29232104	8435219	1721041	76465113	93355757
90276925	20305757	6625484	6002493	52161011
9659142	1962575	81090682	71909312	30035703
62460244	7659423	55442415	26148561	58732597
18013989	51290238	36013643	96986506	4024888
60065256	22659720	33126254	10358387	49932250
33635816	93277264	54664736	78423310	34392387
72760906	88681902	39041679	85524682	25968780
39192075	29182159	63529694	19195784	58702195
74485001	2396071	72559935	99617936	14167326
39382859	21877096	95951042	53821282	27354394
20333459	24738634	77522676	49147941	57195591
95226189	51428777	48793308	57009513	2461812
15584666	58572046	9302790	60020286	74067910
48840384	40120981	49832692	45885979	9913762
13432780	72602681	65956848	88060357	87364999
60266377	49567566	65455343	27310295	64108545
72283110	6974547	99403207	73770390	52988694
98868750	20996392	54115115	80799084	8939540
30550972	59868512	94348016	56823072	45237804
27654419	70042583	97657773	81990228	95803076
6574371	83422082	32392580	91924108	27617065
43012390	72643597	53115744	93169859	77318423
20789352	98121064	84705490	90064438	99946710
12502398	44346776	23822463	38801676	97087756
40063691	10863264	31912603	54434828	92240905
52155098	77772428	10252275	47756702	42654716
54736324	52638592	73502345	58017184	49742590
90615450	78764008	71327122	45705436	20627724
63464730	12471656	37467819	57782344	57611722
7801845	66003702	57845905	69458473	59588631
81222927	67760000	3575181	36632370	86661702
13727359	72389794	19713747	93662714	27728249
49910615	75351052	19422218	94242884	92357316
40035453	73889240	29783562	54777750	89013213
19314315	42155108	28104553	27800356	9348170
94535958	50587759	4458591	30157275	60011729
57715406	8887122	48723785	63620931	37173713
17761888	87826252	26687612	44694905	66589024
8920133	48272888	62935700	57014675	89422624
90032625	81254847	79731365	68209549	8956183
2901731	56002095	24201227	61908942	29172205
30480637	9159505	73993141	88188431	16495874
45159739	21671849	48826267	65739759	51170965
24962877	30593474	22872031	43980836	45179933
46564480	59270706	39900155	13005900	50570149
80893082	95066746	31509968	79567704	68210552
63989604	27159923	36441507	45491569	64341769
2671807	60123659	78256597	30584837	24633679
69244245	45118094	36222276	74412126	59282183
9096247	99123763	40211158	75090045	72647459
36011230	35226113	65278480	25565008	67056004
87335201	60176267	45563586	24058468	77018859
87781598	29497600	9927070	71785725	28143445
29419287	12241417	28346314	59431675	24366712
62184808	8960827	5825264	92032410	36283620
81347954	89626037	80336460	36059713	30504112
87773191	91045326	14390883	58812390	67240190
41435371	29128544	64347427	52270953	26816619
58242866	81275391	42124744	16820655	40405155
33252517	80231227	98293406	53079815	55971309
9652674	49037564	38491176	9124986	63304145
61832322	55318260	35347935	41266850	76192466
13124305	81961241	71022532	10345904	27463740
58510630	50649009	47559571	83708420	99486724
58743457	1961182	16580706	32224115	99966277
48671152	59340309	31634977	77185878	87153529
79136561	58098914	82303716	85137765	88842799
93354063	88672460	1832242	77169977	11077029
10118665	5063291	76892217	81945624	24409100
9773381	90904161	71255640	35067002	80500201
68589734	19860748	24989690	3887212	57879858
18993565	56772477	98086699	21625872	52223225
71439151	46963364	5934443	55388256	87554561
20072290	28955712	96222689	33553796	59298474
4857681	68300024	21094625	88780953	75443326
6931878	84361603	72412145	14708308	4430989
80686125	76288406	73840877	52783222	78675001
62279192	24202739	68471464	19669271	52041406
20718701	16106794	81191693	20205120	37081824
39094434	13590313	15267307	96239210	70415465
25915749	19111109	9249700	74374362	25424215
11852803	73015103	21191699	44014136	73906540
94436290	99279253	56788388	54055244	60068188
47978916	99995457	96257020	65803592	97576331
75220768	81376095	36126348	32696773	8512683
41236856	90589062	7198882	20429242	79772056
66965309	25304628	11456258	67723570	64240755
18121924	89010850	52526466	1697165	3492801
1362491	64728058	53371975	10379820	41446381
85622302	50523523	31013102	38613269	54485951
26787962	1891007	5327831	90063866	37518938
58982872	45533764	74297361	23581680	2391881
68267766	2070116	76493564	31064212	9608690
52119201	95486922	31192773	8801693	60700520
99573028	52207644	16325368	58513270	14409402
68152796	31491249	85062757	45016111	29769781
3657547	57688654	82821626	99641619	96892075
86683343	8065169	31691448	47102331	19633119
3505107	46498948	84549590	98503929	97970187
85232649	21274742	53578790	11962732	86936373
24902864	92131498	72585019	24153790	67346037
19520295	16744259	72989942	54819230	35467381
80998416	29811142	30609590	26552004	86354464
65862713	88341353	13063818	32700008	93207507
6050328	46926629	36035934	15145850	9079004
88216105	49150318	54011627	39849930	84872169
61817474	25350654	4692321	48914867	67681465
69250234	80562620	31370934	84548794	63250866
77458595	90328256	94604030	40907099	59488187
43904464	61061166	43182782	90117555	3600489
9744706	49843419	3225640	19366830	85451541
91924241	4833912	23721820	84594999	85231103
87445065	91515722	61472436	67890919	57747172
38226136	45742725	11212210	60687098	81830678
95979830	28851959	52968246	67341650	18873638
28773541	71974931	6310184	4840439	46195742
39347997	5703820	83572034	74074756	8838486
86411232	72484507	29867842	33608733	68939646
57091156	58749965	41803391	96153846	16998026
50574821	6831524	75824158	15534804	91373777
88521567	75849468	46144962	27041232	37830439
5841571	98228976	97325792	8591246	13849908
52007722	72796038	28242874	94745554	93736160
60795967	83586029	27405454	23888698	4575019
8229676	52639277	1751240	39758688	52383412
90631401	6601824	33217574	83622724	74438426
10002101	20458513	90244148	67595049	74684726
16939572	85291989	39035120	91871845	45727862
42636614	24415899	97086209	93885531	17442175
25549386	64411879	38432290	93374623	85118079
15541178	81256508	53567679	75957506	51355265
50499338	26410149	45941845	31924587	59340847
32552217	38076958	58492411	84183946	40324225
20909332	72764899	6737756	72958569	70225083
7834714	48297284	26081428	95639142	33727101
28819805	77436026	23450891	5633027	22991682
91418949	37474550	88514672	2334842	39658275
34090270	50207523	64255719	57599104	35463783
43275246	76887995	91670686	4948088	59237968
17025551	29103118	47005626	56989580	3727252
60488340	93422637	14886084	59229061	21107698
53662409	1527880	78767499	19310688	17574474
55665781	79185383	23426156	26201672	11025933
29906332	96483918	49463000	44180574	71871945
17027506	48887469	20484192	22662249	20621830
38376925	57289100	39333485	41472789	98232348
27742378	23358812	26000739	75480836	77311254
15436365	94457356	60771112	96838015	9499979
7697775	28067973	68211663	9047354	55963088
72246199	27745933	31801154	20803590	85197941
76827958	93019158	2161054	22839321	54650282
22797367	30770577	87268487	75961883	29942832
92465584	45871216	35347993	68731248	84593848
47428170	84896358	26967241	51866081	17208638
92643832	90022624	49242409	31197105	4431860
57360782	55515027	1717049	57517933	11384991
18945976	58986437	38288669	51146906	85042546
94210438	54354480	87501346	53109233	88496516
30552879	56604717	4125407	31545052	98774727
48349451	87082196	47034726	33018939	74799716
10246606	55644766	83544092	58744098	17463093
29701197	57953340	84495564	68310924	32452732
60631925	73652938	96065479	90548953	50461313
65593973	34541028	22316748	80351374	44020583
45455610	83912490	6922047	14414494	85351886
55507224	31933910	18073027	77192489	67116552
20788589	56532642	94539606	51513000	98969711
77970233	56489950	5996720	16076584	80557510
52407468	6981360	13217270	83967110	42296823
11693393	95181034	26026262	71115813	45428091
15873998	4023091	90158097	52549509	81890255
16655113	9683109	54935970	50146663	50003287
59150445	67854638	48567039	52242868	74790648
32971136	76176481	15371927	83002611	59144712
4485897	52693439	92783979	79903890	10182666
12782149	72845912	59964329	40364554	21518898
12504024	1120861	58447009	46699952	46466407
61405249	90486264	60065856	77186405	73214606
88814880	56834162	2144673	56586610	89907711
7464786	94868864	24344355	30017582	4943239
88518199	28178891	81087508	88784692	64561471
55621021	19303193	35617515	84383843	29441110
14428490	64497563	76515025	19460383	67279721
6639448	43885664	97125643	5335884	1613272
33649595	79011819	39603947	90660034	69681880
22536226	62002640	50430850	16613768	43267230
7145103	78214605	44525689	29185890	91506705
92080491	55617161	17691556	37541835	41279962
42020906	28070763	8926329	62574895	50105806
5682481	93079428	87999602	5272516	65494045
37563670	9323205	43384722	11828375	20729504
36615545	73010825	64229736	3149085	85131712
54546628	53490922	71607475	33344206	85881240
26068058	31176416	61453913	5606729	83069342
89740923	48821171	67695215	36963931	19003538
35784360	38880946	86317437	79047370	62149472
45582589	56188884	14847295	82891051	11904602
92763343	19736020	59130179	77715693	14469061
92584955	66903160	38276381	52003099	36461342
54996184	43220163	98006457	63946812	54956352
20549802	78340768	11333818	26525216	41527196
29371999	52133945	80454421	9197034	74772896
42995696	38668322	70557791	66080477	13529256
94102729	40948179	68385925	7051956	53887482
1469701	25061047	72892114	37421505	78784579
11554613	78757295	66337443	71650973	3743740
76426193	66687289	42505504	4339310	54377345
50753944	97550536	64910331	60794560	97511430
50008361	29695181	68652699	74841182	60468714
74922739	18204253	13705274	82275530	44991019
26727505	68044250	78772301	64980202	94696874
7434475	13242491	77228989	95830313	57519849
41673902	30341950	34662268	20464356	3093127
4622764	84565614	32617327	96599890	3088844
12894057	68669075	76669477	66156377	27923295
8493127	25672235	6960438	99463068	59315589
40297166	44680515	25051445	65352906	24349425
36638183	69940666	7072511	70397920	51704455
58183923	43695462	21774916	11377575	57700934
82696456	43410520	65192263	51296433	58844595
40797962	25323999	87175238	19481079	12163372
19671450	12779752	29480098	63977562	3926644
78079141	91832861	80590163	99201479	74942384
22995690	48422736	20028182	8776276	15614701
21043995	83225064	12998599	61835260	29753923
40733086	83120729	62454683	93563587	31974694
17462924	37053836	90688910	78181360	16329532
29227673	64070476	13022079	16950214	95841288
92183107	48278662	41455615	8601794	51379482
29914304	60060413	20398951	59524179	26451176
55247744	67117717	65467799	46927276	86040059
80142524	43392328	13982703	5415100	15977340
13094577	87555405	75331389	56242893	94133186
96514908	23296514	62670965	38167563	69881238
9420620	18144393	96019767	1181463	82535038
85317697	69386041	64165198	67189882	46011472
11029520	19634118	56473223	32141024	78708169
95353264	72384075	1247282	18730483	4355068
99308080	38251398	6562159	13774230	4182531
26090351	69928899	72361583	75302153	63865722
37223157	88334242	23158113	77055186	26168015
59231865	72875248	67750722	41415080	8456275
52801162	88561855	46244792	54361448	43059213
79501798	98366074	84416437	7974266	80739374
31193763	13274298	50889312	86583058	69800309
76557263	53974553	84447123	94962975	5904399
12974242	11155266	69077086	34353968	14767011
70011382	46620384	55188460	45159907	70663261
97943791	60605660	40144184	96860650	21384212
89422855	80342812	45643234	82792796	80650592
53941281	59458887	16894807	41891732	95010989
34142900	24012530	41475968	28812913	22930455
53702794	5719732	27114663	97499615	80753141
25682965	44056138	63557826	2683123	36704443
38219933	58440364	36162207	76110133	6825996
71356354	68030310	73153904	88940743	40648351
33097323	40765490	57957098	95286212	89495100
42857208	49115233	11160400	12941720	64940195
93450708	86552824	68300010	78475911	2504671
93939308	33663087	54939683	16500286	75024176
56388256	38885915	33988796	10911442	22735964
81620717	63910483	69000966	65275048	91380711
48037376	10032068	77900766	80033044	72841453
37488650	59974653	48429369	51572050	19725427
13151069	87187584	90801261	70587997	86036654
34542735	27272812	79601595	3654986	57168998
22709706	10449485	71616703	66208257	97364300
17511822	93871066	93299437	46685697	15997185
74782434	72091231	56504252	39722644	5303625
62173671	15713119	39483324	57411142	86195729
92013936	16163151	45646594	5362016	58610171
74634593	10630056	87732097	91831127	59654638
30695309	12023171	65639545	87378765	11716200
43557205	71762585	98656703	51124049	36761941
25568075	90320686	4364323	28678056	89162867
10449599	78464890	66991347	7525523	48070206
83512218	84727905	4985067	16805138	92634501
66185828	99680358	64487028	33062578	76718708
21975341	1967688	67949186	2667261	56410753
39831092	6056442	44104938	97769332	93013959
54612430	58315596	97315036	69556239	3791526
31032975	60730722	79149812	84388351	40049653
38945180	67229572	66395087	82403849	57602892
84063413	38618009	65288213	65634091	14145768
98105906	92234068	29744053	78550065	72809424
11582261	46467110	85948807	92750238	95488729
39987914	67094586	41363000	36733001	42594064
66128848	70383045	14542771	47822141	83161317
66678994	33702971	5753191	86755992	84022908
37970934	35952027	91742836	88537411	61700220
67878296	62515517	78824639	24537625	55254485
28988903	22979986	24475948	69473081	93189275
54716063	97170895	76802069	7100115	19411724
64112561	72732809	41010929	48341403	70633921
44306135	8553043	65264758	67847998	17995757
44978609	86295366	56791075	38315192	93456854
13973756	58166587	83315007	45596442	92041745
63283844	66235768	75212244	32549771	70408103
24150401	63707560	78384819	39449526	43957646
42108789	2521887	8582973	86611233	60378333
74441307	91913216	9167069	67977886	72096383
16126001	3422180	43107179	95718136	76847738
81725918	20136475	73847832	82848662	34134283
52541570	17502464	6660232	62474851	31826035
81062900	38306196	53062452	26487625	74294747
15064452	33426675	71532051	42592678	87303000
66158386	40590832	61741496	90937361	88101261
18136230	15053773	85155387	15500840	43975536
40310155	3596881	12658367	41500321	1548133
73706072	76876039	32097497	58729312	48724652
49777056	16716960	67777249	33015249	26619961
17251491	10151046	94104741	70095766	67033629
72538322	9047756	8251644	95687098	44189908
63892712	76480135	77909409	63502942	44033935
97686118	38628613	21993071	65848575	51018211
26075518	41711238	30828413	90918338	66938848
38766026	34455610	54293268	3117540	30868739
53908331	80522936	72883385	90903557	82584214
22377513	53019512	60157002	69496398	87853908
87512110	18059800	62559516	76542097	98932340
23648241	23344170	68207664	14424019	46199459
35330884	76278258	75177208	83320471	88491697
89346221	24562248	97623134	55472388	52795342
45468691	1854178	55488292	5215693	59596428
52755744	84594029	31026907	36414571	2363834
89393190	40942239	90715226	76878243	29334962
86876157	23873116	75911799	73895103	53332215
10957866	30063723	21676124	47764099	53308915
69304950	27240580	4595685	23594982	89253897
20677175	3909649	78632247	54000688	14970253
38414960	50770840	7130419	74068205	73194781
74538577	4162026	98764564	50112491	91702277
61224987	5395309	51742270	80100460	22382544
21385034	6926998	98600975	26289663	29883644
34807837	95136322	86416006	11633345	27481022
76566171	83914339	22679664	78684288	89158794
14276895	39781314	83427565	43236764	64078510
10700015	64095070	54077659	13083177	95475073
30319629	79682376	66459371	71689243	39804085
42739137	45752300	19823778	46327240	74876988
87929466	11376417	64010321	86587013	29388527
90047844	83107128	99235904	45327452	14675037
31773080	32530511	71406936	30701780	32234476
86186871	80782366	3014713	1120042	95252011
19036680	97158099	47785106	76625422	73064361
40724927	7596156	18018275	34354856	70485234
78434340	73590097	3962673	61868613	60931791
31164098	88396736	68111956	4579391	12820138
57091493	65742791	53418169	29531365	52981428
23941134	52873923	79484803	73085392	11406560
11380222	15405080	34285324	74965059	53004496
55347692	14321486	19122174	89963266	89139564
56405403	50452523	1814160	77752585	81045969
22444318	35438976	6179233	31739044	54216938
87735503	25565268	35361925	54654313	41075710
89594153	4526257	15817060	50899765	86555644
44136680	44924654	69303129	25734475	43520066
44111993	20825978	5773525	69595334	67669317
23008266	89805604	11861069	65579738	34441018
70179153	66659934	20243344	63300926	82100573
90985929	32464283	18348870	18269887	10894590
97294371	6140501	4426217	13179432	8936782
43400572	40314234	52040616	99879499	35792364
31881519	44187291	27095405	26971395	91868124
79518490	82342548	47243363	72970399	27798617
53054290	23508284	40293324	61112079	83587963
97732127	57874198	61652413	10287246	88267404
45538047	16968514	72470274	17696495	91483381
80849294	47911803	33598281	38055705	33361091
62969811	73091587	89756332	48705564	35007629
93085144	71462837	14494991	47802227	27081489
13871639	61121388	34765690	38005162	5689607
81390351	46633632	98988327	95616279	81044156
31400621	87889214	21271786	64276553	76598826
56197896	65512713	21694762	47618468	38879088
55660467	12582488	50638418	23233837	8188622
36953165	37212303	44852531	78678725	26869278
89738493	9160817	27662161	18501093	51802778
87455008	47147747	74036629	98222322	69888369
33917386	78087824	34029210	39586937	6219699
77303528	99559440	90966823	11461896	88848472
34258822	55444746	79817394	74028193	56262725
91940372	5297361	1290908	48589369	52351922
78298107	3099579	75316913	88180063	97659274
46335297	33715172	39223060	3643919	39618253
26773434	97516000	17887276	19849772	62125396
56237673	95192176	75965229	19044774	41768471
75608135	25961752	17050069	41615860	58779377
54052120	70799640	54082007	27254860	59175237
65231893	82884557	80781297	69286682	61133768
46652056	91496405	93578104	81635600	86756452
9715313	73497312	14322183	79602947	75268648
19515528	32210884	21774155	58113875	59282103
84979648	9417461	55874342	41571449	80425588
5343088	33073210	27042443	35041299	25051705
3916066	9065918	88073931	30126732	71590349
10718948	83205359	75173244	18035679	40123644
1031197	88576339	58513521	25581081	84090664
20024985	61225895	72927957	46417336	29396011
31903565	81570305	5778025	20983972	36827443
94078512	71429511	79563421	60648210	60485032
45575969	95918972	69013922	36819529	84660916
55561440	86098844	4284091	88355014	19476999
93286024	31624468	70846453	3548925	5934687
61380433	71720929	76755540	26792383	25095228
36847802	95340742	29366829	88044665	87079856
2150484	56475942	48204486	28048412	67992470
82972834	3290774	97919174	47889452	68097581
33875080	38774780	16752377	97117744	36702316
19250896	92258127	99130513	26907519	89029910
60534383	77821521	17514223	11114251	4779372
21028426	74829468	24502288	64995025	73904031
57913425	84272366	33791614	61033721	21979401
12090342	74833042	62694785	97027646	80868613
32679043	10367313	90745963	54447024	53174900
71254361	1102319	99760824	91754924	49914039
90579933	18404664	72797569	56652380	2892117
20614057	11587997	67272030	71193273	92682540
1067046	6324521	29356629	94564398	21058493
92713102	26201321	74811007	9979263	49792319
67647926	97696387	14339376	99806106	39945565
36191956	55049666	60677209	11602955	70386991
76299866	81583012	13591290	11750797	2834516
19788878	89137694	29439954	81827856	22225446
17577271	70655702	24264771	65406259	33723075
10795727	94724528	46706869	69617757	93300070
2292716	88966241	54125525	87974651	39277003
42959770	46958610	23055066	85148351	9879889
49955062	30550177	9014519	76557030	20964910
85568506	78840367	90463925	60193987	52229035
32213969	57760004	38162244	68811011	68936126
60515047	2893477	22414008	47411110	87008843
46240586	33292094	98654867	73399882	49248580
97125019	19700376	47302660	77058300	1851700
9328844	83593154	80007219	10131462	22013885
9637288	30387648	29635512	37493663	77465041
84960362	75677967	11780092	99447939	5174795
15913504	4719819	14905760	38720927	38083172
41565660	87322480	23715577	55302441	25640227
68162105	18600486	35008896	92086181	64280464
73526144	68258321	78559557	22587149	1850322
95174062	62515239	19841918	18062010	16933631
44697132	66284441	65674053	90681600	95820779
10651806	81697910	56201433	64385961	23997640
39311956	82997625	91769793	79530840	20066122
67335808	49816237	65486870	7372796	63358294
37639714	25277271	84652427	85459512	35599244
64011201	60349238	51108186	99354126	25927973
71168090	6024811	56137875	65428268	9746353
21774657	57146102	99044135	36917667	40788628
89487975	71268240	22904151	19149668	43998283
35822478	99188223	84987564	28827240	79651232
21623616	22421614	26039281	97310531	84894876
86244516	41201996	41772066	61160174	52249250
14446196	9557488	3985197	92375758	39126441
57203107	50017100	82335294	21518804	13435145
86874003	73923033	87637965	82726370	39209236
32644431	81355408	95856767	74846590	47702374
17409061	71528198	23375549	47665446	18883480
7706097	25302450	94111432	59168644	48224021
92618700	10695105	1295275	58302868	38786533
40478833	63954543	36131175	37557073	81705120
18642080	43834979	70033082	98299561	37146741
49403033	74814195	29900334	6186189	76569365
10804315	11230971	82585131	92979518	53800799
3318384	37137186	79639687	96024915	20048378
18793072	90944962	76353092	12307148	89278893
7979719	13572759	64861991	51678316	41939199
94465899	46090326	5720092	14078552	11693851
2976873	18250033	11540046	60894678	75974416
51665254	40894752	27561257	87892551	7335106
40854143	84999239	76090236	57699561	75609241
31457608	52345752	93321307	47300828	76492021
5043424	77489270	59930582	73240927	84978929
22036488	80216217	48045534	89119043	32605404
70183661	40670154	47310285	11915545	13309636
79312300	37960124	83032944	90658992	15524374
66170578	59418447	73361679	9975885	46786640
22493749	14633764	19638012	9285663	78238819
47103035	30156641	70458915	50986145	66403985
44087906	30415385	89762628	44765991	87700857
70677523	69465090	3117264	93085189	91152741
16014481	99867143	67051512	67886983	84054000
83865069	94272363	62381706	93570557	92641398
68886372	57860707	46251826	79821857	49267079
96797981	27774150	91711877	18655437	36772989
1485905	48733461	83430130	63305867	15469784
9010570	93349899	55284450	36032881	9533192
59270819	28764872	94932370	83068316	80216175
40835399	15922214	16966783	57355935	41713947
6987750	67894547	15176266	42462052	35697918
54808592	84705565	13913957	27832884	75082795
5467884	66349690	4338981	50432381	60606629
64262457	97144733	87776453	32115675	64932908
4828022	66529782	44964440	71728153	80055115
60128082	4835329	54510739	24954528	89737725
64828451	97575172	50837225	51716197	94744275
40402849	4528341	93608036	37820252	72412192
72668913	23716290	13647591	44475817	94569994
66642797	52807235	73153521	72335126	40683961
77773700	28051053	24833017	25040400	48597025
46278926	19265332	49565337	14584958	12545679
6967231	56633535	13035650	36818975	55303456
35818053	82491604	14805207	82536384	92896809
76564203	97489151	24692750	57545116	31225651
91153564	45570037	28728161	81500403	1346208
72972881	12848277	77851775	35879380	72600627
71436164	7359381	24729351	46693029	98467173
32126932	99250054	84347493	52482874	3084474
69771966	76641774	81510783	61829123	46563400
80206338	26739337	46751440	84246162	6987920
61902120	66810170	34543202	52283480	38180275
90257193	37945860	14164866	59982135	81542159
53866261	15455587	47555299	6520666	37789492
65608719	10366431	7368565	4417458	14005323
65125334	37793261	19757412	44282590	70606481
82069269	80983003	36892825	22617483	32678959
17862936	23305159	26511113	29952554	58980430
98833174	67316293	28541427	53901473	16664007
42932538	29360228	68522467	43418765	15781490
3487926	67340790	72504102	45872870	35882424
70079181	17711451	48887439	70866872	96604612
2538338	87098008	61370854	83613391	66142820
99795236	22782594	69461579	23766566	56108268
48073364	53254581	64003407	82036243	67924534
12454186	5719755	96167465	15372178	79508068
30684575	60471173	32257458	83566257	3892899
58563175	54838984	42259435	77267486	84301792
33033529	98920617	60191494	24888526	5719863
91951268	34912898	64002269	21931892	56236474
10692795	5711616	14711834	71164100	99646646
52061609	56329606	5035735	39584058	15301173
86029417	66114226	96079477	9920091	94646679
6141268	79095112	75185685	40669185	65998472
33196941	76854153	54436765	5693420	83753607
48389929	58942515	17273068	19483175	2054414
3365598	18933395	83955052	66724287	62912993
42433346	32054298	91399924	17130207	95853426
64718733	46788305	11002628	4907455	25929684
83101778	43107247	98482399	75980156	58453348
2227318	27327311	13168772	64042440	10185752
91540101	75381293	79060918	46882915	9218003
53609144	38821513	31137393	78646309	81016398
53610606	72607176	72021558	71521775	29560551
30670744	28454676	45929005	52716050	45046026
2314290	63078282	42373182	91643402	79767969
48520036	61021561	46763175	85299902	99744178
81708949	76338767	43985415	29384267	80680044
90626343	14451258	62421088	2158845	34514948
60172046	26613031	50240078	15940622	43479449
84815763	84809317	63712732	80363691	57275453
25731780	45030500	54296055	61751740	94269098
78595200	40839922	40228149	80034426	22692589
26817590	88392304	87213708	41050222	97245056
66770548	68493881	83450046	42009039	61266465
21795080	97776194	2237519	54026995	63728335
51283357	71576654	17459925	78162969	84601250
98716045	38298818	88269514	56558060	66829326
14965417	45149135	28056138	98145955	70722415
12995984	45511280	57074072	51328761	32035905
55883579	62262024	81898505	85325844	64981683
32748880	70351446	21802576	93020416	41190013
42867837	11402291	88308671	80076166	71579272
72448422	97869933	41212907	56611177	28795647
88567221	35204327	69086615	24080521	5412344
29914658	89799349	70271569	95524273	5601182
40390510	68044243	88799233	93501089	6449711
46845811	62905937	51732259	54498962	98436491
21897949	89078004	67355144	65630024	84275954
97707160	49601705	80294619	32792012	5723425
63140923	90818494	90237181	79366392	34517931
15805128	95504853	49220720	86120467	64413126
28357714	15243141	57873168	85273540	30903647
90203652	37557881	92224069	85288170	65932613
30872912	38910175	49573271	54245454	91630818
65828658	83595939	65987399	89526401	34196220
91547110	12858362	63251614	82479173	57698769
2801055	6288159	96593960	27271907	91489254
34929351	56809245	58613549	27226382	35463232
50308072	8196554	62900999	20704397	95387792
60572020	1454933	90918644	59739014	76617471
99886098	59450318	75627549	48217942	19206265
24690897	85684617	43948685	95707098	90692775
18838398	76114698	13097140	71571182	96704838
91593446	52524504	76020932	46101748	10546594
20889376	70024950	62867517	22792653	52344477
36530863	86000459	95864318	77224845	76779521
7935610	8946711	89348770	40785352	25129035
66331314	24280224	56676740	7990464	86596898
43473072	74856666	70053027	34259233	61231577
42250687	91995904	25637535	93948892	81449342
45555852	15979120	77207607	54592992	14746334
33881057	8236765	59176720	73909737	79549169
31985851	23573342	44846248	28908782	30758611
2660742	29531661	7978927	2030205	53681616
55558496	96552394	9897199	88245534	21270720
72222629	32892057	78827037	45843513	62445738
29220964	97754941	16311533	32459433	32451977
45575268	10811902	54189866	91857530	30442103
1943585	60226596	25637171	55462596	75012433
40188134	41576865	37450946	95401858	36596206
18192613	89503720	41681611	89708662	76002380
39684183	29203529	79342261	12181729	23728749
93094020	86009998	25530670	30269096	62130595
83937367	41473092	47896642	29566853	15858039
14465238	93020772	48339799	14694157	54251145
99161687	11311254	78397936	32942075	30200982
31329324	39062243	54531119	59168622	23981567
30677371	78796420	97637962	36186249	83585254
21177956	87306848	98131356	63814516	67425839
17261318	77830246	15315002	38169535	98388399
42335926	54506629	33856978	66520834	90543890
60247434	29806685	88615778	40138976	38552584
27298137	90684417	16752679	31426894	94717017
94893293	49795873	96653281	58632176	24211022
97027933	55420083	49011536	3945788	33877028
63500011	46228030	78055680	30404599	94670552
96684170	55186986	22912711	72530965	11970350
31049874	29276882	64525193	93334138	82786380
56109725	56908946	36549526	92674664	39584923
21748769	35950230	74291385	3023732	1776931
65985652	9065253	25730235	78809592	99524389
97726460	29918646	1519213	5216475	72217307
92059727	12229001	91307420	85006607	94478155
67319068	89056449	67917937	57906620	60840420
65874232	61953731	86217063	47666817	10812589
82319753	17449032	75839976	46636127	51727802
56944404	42212125	55206644	32289554	37296595
94088493	19059954	34817983	18373553	45411246
30004790	22881432	60777431	19612948	90346202
10163341	18283367	75202628	4389834	59204275
23701288	18046516	67361232	11617604	60110759
57926692	61611793	69836973	67172004	93066481
68991724	1448098	87863074	3868191	41216740
89070785	91422470	89667108	36849863	68448229
58188703	81437998	21191459	16761051	87351365
32228880	35672245	68718518	10616864	22902725
56638326	8665531	92588583	44168830	76617843
74467326	49530309	22328123	16718201	82639827
86689602	12557287	94455545	83026814	14369958
54849601	56390399	87105896	8347300	95936999
96532058	24601912	40410091	13986189	22461869
50245155	75468268	11345041	23871362	10179751
22482668	80571927	61924132	68343106	42223699
28596384	90034202	16032420	28824211	37772268
41547856	37953767	37627635	44635313	96877965
65856426	73342073	32949424	75779672	26131767
36684159	74485999	75451584	78144158	64015393
21472486	23942930	17310950	62198077	15262961
71967773	55771592	47901638	42291258	42063871
19408773	2175528	41485975	12506241	94364152
74706865	19778196	95069356	87949849	5878108
11798078	49036219	42505942	30677863	51019933
96572387	42118493	26923718	11594462	33497389
76177685	60441414	14645736	66983800	1374621
25102592	52202474	21665212	45017019	47268883
18515575	4318061	92763874	48247318	30144206
48801937	45394152	58376227	53882739	15538756
94096531	34094529	28263073	98316091	93963837
62192414	63984038	86026545	88702763	58656814
47289296	26015341	47591736	92893325	25920848
48708826	71554844	36443641	89905013	43124145
25977973	73723837	47444884	83502037	58125804
24158098	70471680	72183521	60529207	2435074
29838266	75142927	2307517	72388348	56004942
3542188	81144628	75833896	77424874	42650783
16305956	52883232	79510917	84123699	23977164
95002144	6570013	82359575	6279733	54007083
48418840	14500706	19207553	33302128	56735150
57854933	84044302	16451874	35980801	81670535
49484034	37371485	13043318	45290233	64311464
59950865	59730677	44925197	12191741	48472209
70672467	96428910	8824894	24436721	41516115
94446416	22681850	23481074	98865403	90525756
95064197	97278981	41735252	12244835	98896375
79320907	13059235	88955923	88169400	80542182
17818396	87578702	4199731	98790000	69460551
9757457	74493428	42659276	3792625	96616123
2726640	19400329	2965776	72279237	50063284
7045510	29040988	25059829	33257832	5879681
55944128	12869865	53731504	57791549	79847885
37777272	97003871	12356243	64821885	1514936
99482847	42980114	83936482	77918824	22194592
66315388	92102400	54740115	87853049	16526084
61357377	64940920	72117710	84261329	25270779
44914428	64963819	20185550	27067426	18352626
61019693	50195197	60819340	56986289	52216216
86218828	4730423	64125141	84000255	63823140
45799509	78484982	39086575	81053768	88752203
20641229	90454418	42290200	39431426	96381016
22240004	98496482	25043027	12456822	23260001
39338043	25247064	16490505	33016695	91205368
73372261	99019593	45048106	14829248	3379308
77411005	93793317	87233841	19496269	95258798
23910215	63869589	48499186	88102836	27339067
5315973	3348141	32003701	24978729	47939274
14789341	17290178	26523935	64607920	45450824
59648443	25592078	51196534	85550225	64069885
28749672	61293180	86326347	38855917	93846958
28831604	52219209	94644816	16684157	61885802
38422793	19538932	50437931	55466791	56185189
72798859	5579819	71796825	56349273	88901383
2732227	57236878	43501320	35630594	20388791
31986597	26425327	56385466	15584264	11296304
34240008	14309381	63300968	17733643	7181458
24043848	19396508	33220084	68431864	35878560
55944256	23494647	70570702	89660479	20462483
66964166	28482585	25737242	30709552	82334371
57838149	82832759	69128317	1167529	32770352
28313024	58604603	8285105	41609549	68084172
50947882	44408251	38791037	30716417	33738759
48106017	57754859	99008905	3933675	35612412
48300939	98559629	89762920	36577595	16227128
99082282	80859763	99280358	99115104	70126038
94989793	79059563	85414840	50074132	50345381
68586070	29811146	52326208	34464598	34414749
36892237	28522233	14662613	54522772	97169484
99472635	92401971	83074155	87395344	7878274
57351142	76686669	90253946	14232531	13212956
14576795	46470254	20109102	33193569	16868609
8433898	52014884	89769957	19542387	66225419
40241740	75099062	78637230	52993110	80001728
19091529	29775299	58935483	60175180	15523193
27004963	57169663	9377318	28830212	37748631
80485474	91247890	11100774	69886137	66235218
94738566	22345946	66365495	31634824	6073635
77824767	55355983	41929588	33910606	5879541
33261975	66699841	60631991	62024229	9903761
37026034	73479744	75343481	57989428	53465349
94095868	72382680	63488911	82853739	26075639
56846185	52280667	42902799	9727643	78079922
78830464	77173896	30353086	57956741	75920982
60474351	96023329	53075098	70037933	84539266
25607196	77758630	53937907	14632688	38824828
45215525	13161912	96342040	30354364	95152758
36096920	49742397	59847997	72464681	84948997
11899979	74297937	94235091	6381915	14426680
17360537	49509723	34198142	87514620	73449575
57550685	86454522	43568008	63726042	58461114
56491283	28308688	54436085	99649954	32686006
10294763	40806862	72326749	86547315	33233675
28186202	32645077	92210215	18740893	85956951
60701722	77056818	92208714	64662401	97387042
80247328	94902617	22654793	40569808	70063614
27127943	20446300	43684945	96432741	68023595
49100644	76690943	35672112	14279845	32037862
31021652	42384704	55132621	88236180	31041170
74321693	82057586	65272376	86412745	18270898
59396214	86992037	15383959	37649844	15653826
98484221	78578553	88538706	93555318	51984264
75003045	95930078	17088605	11630920	95231345
63890334	32212614	71099374	75313552	40461670
42188850	77326950	84962083	20232734	4382210
33263201	38768753	78493190	93953076	72653645
46612841	17202783	15818563	27535563	93617481
32471799	7551580	2195034	10865527	96815671
17550771	75046803	8593531	14904619	40260430
94827232	99900147	50008011	69805637	97595404
14706677	58484754	57030023	30166306	34753051
27895684	92093258	94320091	77423070	11605974
12520128	15681413	15872637	13478157	52580524
9347595	5191476	21047311	44774774	3721724
88197336	15625254	3585401	39619986	61800844
25628523	5880993	20679164	79046398	92608797
78223105	64655029	92955496	95358777	57957891
1540063	82753884	65227761	91419416	31698249
71878015	31555485	47214898	35372040	27718374
11402776	87823269	12684252	88153062	25269853
69878871	4085079	31941515	7303765	57421842
6478279	98700695	40232701	67772202	97480509
65302340	16287446	29216302	62837500	96768202
49663080	21841597	77023796	6724098	38699278
89856801	1824087	16440932	55711485	19349909
49486334	95834117	13767511	95146542	88703832
85179711	37548681	21128796	74849429	8703158
69458840	45034429	15768802	60703245	3293521
85421071	81955702	65372968	14772621	57674964
72983196	97407219	99428974	72273543	15553640
28932501	68386593	98566534	65424364	99205700
92138454	92137499	14533171	6339349	43968352
68556691	92061259	80220328	27498529	60096437
4114336	7150650	69385061	88357759	55884436
93156064	26046576	75554987	2070636	51383222
36792253	18431578	30690000	85680412	94048642
18642614	35590252	31159048	95723476	22190687
22729314	24302244	87013426	53699819	47771211
12915579	9765701	95733351	59707993	46639109
8786845	30681219	1059298	25632326	84800963
55072964	8269211	65138362	48167211	36243192
46073248	61194501	54259688	99280917	50172343
53805703	23373595	16919196	3650305	13686223
31987977	43674067	17000519	34639078	28246470
82340300	70831025	6840763	95628640	82478817
49718912	61830597	90053120	68578629	28084727
75277033	34936692	50155828	27598409	15101027
10289691	19155009	13307731	76567098	88397829
50074978	65176261	61122518	9457212	95072287
75598656	18778184	10320376	13092559	59059993
62907936	22088758	29687542	8193113	33900627
83190430	31298499	65069543	85265938	53632934
83320048	95223523	46439931	87486169	17557943
34460074	61440347	29556210	13093597	83925400
37144200	19428949	6557346	51245563	94459501
37373946	4620411	48680739	62251251	28806048
48097748	58788022	40814986	96472597	47088892
78983195	21523752	21652137	37883711	89664421
73880688	24596759	94974620	20746235	67272723
12359737	81680129	76335107	62194405	14309633
50039760	84382850	86643399	69891419	61459899
68220642	74064202	19660389	38344908	8312104
95230128	74304610	46950129	48473313	6271000
14914929	74882057	99588215	26822750	83977382
83210834	15848082	2185948	11381479	18615662
87011897	58304596	49210204	5719785	53747418
42113491	57479670	26117068	29388972	89662131
37636379	70869728	16636153	66763812	78784567
32854824	96449092	85184821	47379079	82554881
52878470	16936333	95734025	20714221	9777917
61980915	73508281	65534186	54828049	84289603
14236079	93486486	52177893	71900739	78330864
83637364	53137215	39094422	19363462	63851097
54231185	36759984	74733986	88620335	70651233
56051287	34218693	62229732	9795596	67337505
28003438	98681007	16843686	65588378	58505436
88499691	36393432	3202113	21909033	78157342
25531104	8885824	33719363	26802632	50370367
68975279	62592851	39946904	91631012	12694876
89814145	7923261	57122811	71666543	11632810
5949581	38806315	52018619	9992785	70731729
46025127	61286122	33002993	18491278	11142863
93823745	53537123	26049756	65961294	57532095
85655151	32303116	10216545	91464288	64238919
13694651	71112257	81897927	16032434	12580180
38357842	85271784	13115022	92406091	64960516
92546685	27859961	82531156	75966988	99853506
15443136	22909096	61655631	44995417	45313586
31350326	1356898	98095830	45328101	60625103
78997954	25857694	10451844	5857740	24177540
22551768	82266965	52385394	33505115	90136422
35103412	36712134	95728553	13645204	80159569
54911461	13347629	4419869	87610547	54271998
2556791	2617026	59274596	59003657	88560213
32363695	89460351	64704528	35917371	81318067
51816750	13516092	69226769	54751071	32131136
72593782	31649603	20153446	74206607	6699937
15996131	82056247	67272227	45591982	11534561
5410943	51035073	19259639	26181823	4818473
66107691	83212193	11492998	17396809	77560603
67776888	43522890	97779588	44284968	51722024
70784004	75899335	2176163	15713142	23690547
1926014	75745108	35566046	62235826	13942388
62662764	33174560	96016696	57150098	89443355
45779890	10026619	23765876	88498923	31776449
54994822	70774832	87089162	18311096	16953950
97266472	71550655	55422551	99545201	38014429
27738989	23175439	47631107	93900643	45733567
32486959	92617186	60090211	26690901	69276663
37199604	16789747	21854603	97171375	87364366
48244908	85849818	6851771	34279776	10835062