10000
508379
168516
66601
193179
252029
483377
875663
599726
12346
306797
512263
891666
150887
306168
230787
378032
30403
687024
262256
73555
637575
244962
259017
796820
483178
829910
634747
605419
109194
514427
114050
904820
780552
117115
424055
662359
847504
825258
282528
624275
14275
552015
303656
261405
951774
323427
94553
569518
678457
745682
436132
783599
268388
952182
158612
813665
546952
831379
402915
558628
511593
451884
364343
697180
817083
582136
361584
303460
711586
172090
24345
112957
969828
141640
321812
458709
370639
841260
491685
820534
984556
573799
849296
378274
96619
201348
322645
670285
419159
59800
918505
668304
383805
720493
298757
433804
858318
376588
160289
782624
956887
678200
379879
418679
648682
487500
414538
356358
515756
12870
421696
293829
960020
400539
442698
931608
461336
871392
452468
622389
426785
286818
34726
441905
988916
891372
616725
298855
398050
138329
504545
87525
570390
175464
230505
366824
674983
389039
845971
641076
374057
108804
462042
238726
783214
537339
24413
803674
850835
952555
162830
334034
629525
573624
514278
188199
448472
371892
162926
24716
580920
920710
55051
346075
210166
332109
326530
516307
175418
530851
607997
812529
469798
667572
946627
471396
394007
755175
739557
567434
397371
453450
97086
384659
716936
516185
97753
494536
765868
547940
237018
153620
354696
462134
318414
250334
899210
707428
730096
386445
753739
836231
614315
938939
412169
285710
380353
398585
997655
296627
465412
772673
253954
680477
613605
993476
453703
847290
55357
732125
800878
894994
608808
629777
756401
683258
280491
843311
180953
294929
29309
488596
17033
549868
120930
563826
413301
459480
192244
498419
432758
739447
119885
12232
825360
686991
610524
297038
904088
321249
678877
704531
356431
553705
234675
327338
768930
300332
684328
149823
164083
890653
445514
992276
717139
186342
81280
930831
164382
767741
280377
562654
877643
883219
874333
352363
666093
947353
902839
555271
566768
96729
93379
255528
573847
294124
621980
345145
56673
913954
186557
533606
631072
747173
483783
429316
203339
80251
314376
776556
715829
427254
657848
495828
520750
196722
114572
175569
529692
636334
933808
103458
455766
427163
876846
685549
97531
67860
510488
167004
120313
361353
251787
108570
349546
762688
641820
861408
751376
802364
819775
323085
707621
620726
322149
850587
352295
365055
734118
562173
778736
935586
982388
900269
809450
190291
712131
522412
188239
225959
860602
261314
432119
108873
123819
594022
93603
75750
743748
113938
474102
935911
509345
447138
206409
14686
519691
362803
623035
436924
568335
729046
296172
427081
929423
161956
969923
905270
807027
628223
295419
408695
835799
964336
44595
640242
875888
561537
80965
485994
132427
844041
183262
517976
259365
847632
744306
359746
461022
991858
158254
960225
80601
706175
253591
927090
920180
698546
838918
967731
710851
294812
562369
68046
484183
375442
108644
892052
43214
826384
311715
316905
890665
368745
339844
564408
233740
105109
746278
101971
135102
173256
211583
385148
574784
943822
303264
607253
256546
854679
545226
297553
343245
535738
454933
749221
485826
836113
446463
377951
872235
390953
706861
582352
473368
915456
125077
923619
520662
356266
133300
898027
605437
718361
400589
140218
540694
367316
332911
578839
25495
992037
525921
751883
897395
710172
588906
955216
818679
454635
764029
192884
750836
141164
324860
647006
452634
300116
842125
920142
651126
411608
136710
397924
577321
22011
359110
63309
542519
607780
331177
551471
591321
808952
247037
997657
770096
71466
475889
838576
511117
270613
598922
335625
548366
791000
378328
211046
457050
115141
16958
509815
352299
950596
631129
556635
662650
600880
546215
461222
448649
270429
358435
196018
40274
684227
557081
303312
678043
564679
946879
789051
591410
252105
899392
922127
804471
754346
233423
919560
726943
349193
264049
105967
510990
449070
740977
792749
508405
108404
854546
529822
434522
556202
432962
317711
870075
570239
969873
83854
934160
376441
819952
590198
683002
787744
163668
787752
253153
390259
93898
99230
987292
78501
125265
24832
173328
969838
878867
48009
812549
217744
483595
125230
256610
802009
373659
898624
443915
691966
523596
528347
234333
297772
248123
466269
807533
947244
82350
438858
287101
890782
331440
283860
373686
607286
436627
755224
853585
75736
693883
772670
418303
961310
612903
778636
350622
394566
544006
99301
756260
833018
971512
974283
594448
656854
689239
113331
556675
565209
115831
615420
101572
216704
397212
236644
17402
419975
234367
688396
526032
910341
246500
113741
137031
556655
715345
135316
647326
976590
270281
944572
555095
520808
834180
438092
767826
339396
654510
392556
564014
986117
190581
370735
484526
870220
79016
528288
98379
374297
567945
606298
928552
917032
996189
93458
626756
211273
527271
137727
595781
204916
631885
255292
473555
768656
942263
67383
869146
490056
409779
595501
376983
241065
547889
194623
176865
528639
28656
633542
624422
384590
583877
174496
540230
212849
121068
428433
492053
844905
175654
575714
948620
468641
149030
412059
473592
165730
636250
684715
773636
903155
103303
117144
319438
630194
779432
682608
995929
815170
751137
150434
157245
820709
934202
746719
883673
981038
635828
401711
163258
253697
739938
380823
883521
74503
798380
415061
98702
762655
617125
934427
991578
345167
216368
261406
20142
865871
182416
771569
601814
325642
737468
485714
949885
643339
77595
838822
11524
236889
228385
362642
458784
996913
592721
979555
59432
910442
290860
800243
650480
119054
70507
329867
907751
23655
952479
338189
698431
558304
542836
198491
267395
439434
363836
328766
449649
206232
657495
678472
836517
113401
546524
972863
659753
82950
801208
271650
199396
558607
289113
192770
153691
788672
358282
727863
190494
341891
279898
310824
587422
419548
819323
570721
519340
245476
387467
383499
686010
687787
428084
618898
58893
185165
168239
397728
519521
824711
808840
287643
471937
452143
569998
406897
559371
302067
530564
187221
813911
705343
813293
883533
10995
364863
895902
996997
403971
580179
419788
75271
689318
357170
285931
100207
986040
681759
422113
443939
164954
250863
60265
153309
631218
896729
212927
360009
581890
431072
667642
951606
636752
371067
52535
522891
479487
688660
834902
910769
488035
881761
691244
69080
664422
741532
21594
576064
844084
210272
725926
383434
319198
69242
125814
485753
601584
50940
463194
406509
904128
312918
370179
163858
874361
684980
963540
41188
227667
156649
238722
898904
121153
891830
272368
103486
380983
560678
965678
266407
434691
617124
428424
380751
668840
240038
291762
943280
543685
466533
473832
474773
363822
243972
660108
641724
346298
634825
507262
325769
157372
672117
181903
787413
897622
200925
774321
392592
169481
744172
195462
48721
711508
21725
422834
162062
997225
722901
209559
301613
673434
544492
943022
284829
424948
368190
299057
564979
989631
926814
814229
700029
469074
322795
358840
835584
150509
64596
405979
289139
745468
431560
614986
910414
195495
111217
132556
839148
510206
427565
57774
156072
376879
323389
455375
786721
661338
600530
464273
232747
989710
50101
146421
86028
570040
411721
479459
806712
714106
725986
385212
68767
973510
212156
934814
312810
734137
764371
287081
223132
752112
112728
706985
228900
834167
66854
931361
350506
504033
237054
311901
804988
943317
384687
518449
138421
239958
831081
277622
343241
220044
370455
806503
847777
870671
144738
834250
546873
136623
724050
361317
710458
681697
466977
645558
47292
885535
497344
221413
657217
40439
845559
332025
282426
911524
596635
489548
877031
128810
143513
728555
504708
453444
951973
723700
153627
118020
781712
494847
306700
887793
603449
199796
713529
58343
322324
203472
64584
856988
330292
262086
645385
634975
959969
496695
847801
391739
656489
244768
672204
604752
252982
10922
433659
796724
269078
395580
937912
572551
821963
379694
590073
621632
54979
811991
400539
261267
680574
494807
740338
55964
609800
108801
67295
209046
393559
446389
966191
19955
322620
392557
628864
310054
522316
767989
745864
857511
939394
514923
823330
143127
289090
923102
848020
598973
297308
588746
783009
937955
667816
834246
299049
257078
950984
419876
391365
807380
169881
268526
598857
307541
239068
898423
390606
319421
690156
482757
356666
894016
535119
997860
710146
900471
973710
745777
138067
25151
632105
424582
605863
687543
285455
987395
499900
531093
396032
749605
315688
367325
600147
190368
490467
526861
316690
536378
250929
553353
463122
329190
661447
145976
359294
142223
707276
186581
916085
592952
710714
50681
132301
840817
576847
239572
957483
408640
599474
962275
889656
761175
322682
974410
525519
497165
788776
512301
748842
750327
441766
627757
919541
163299
117189
865389
269955
269072
900664
43065
235118
125320
768659
506699
807789
858797
232186
124283
253742
455586
642403
717174
523170
565783
396960
217849
735757
14388
92987
639189
926149
476923
847170
143538
123689
835559
712480
956323
290329
203651
306266
184482
340318
137151
172517
770990
940849
815902
389472
864641
733214
478117
975931
196317
190223
768326
487373
546706
122197
152705
171586
501448
910275
851041
410613
259021
62650
213527
471124
279821
914882
966657
985233
828784
727087
391223
69520
496536
829244
113417
477917
715238
17284
943366
771925
812058
652379
137656
345925
452482
878283
930401
215797
695234
288203
228614
57704
48513
877088
511665
705612
860485
226023
293898
115835
264238
82566
270710
865775
368083
680831
60902
494377
615637
625854
300501
834843
435974
118209
558020
756509
268794
975148
580699
659156
79479
575818
912544
685901
847895
649274
909638
412375
435656
599057
107010
115098
642231
845351
197182
600872
793242
521062
664104
202062
570801
467017
200638
717433
380294
67736
597744
405156
908513
917263
346595
486865
181164
982318
357061
230981
846517
326847
698473
629239
118773
565901
710535
611841
19045
490077
934563
545047
664081
204340
76065
892800
945144
250400
504871
989808
628562
694983
353549
739574
414492
222709
160870
586539
604293
902484
41511
973999
705016
467242
249718
521074
984392
14193
428927
805168
21116
377844
322527
52904
998656
972529
497662
563076
468942
64168
111994
139389
149990
73235
231024
197369
138268
824771
398277
439907
765477
313062
953473
197541
880581
50094
485047
98367
540021
99391
61216
364012
24235
277214
297962
569019
661720
813477
727601
361985
643071
518558
813364
672288
962538
18528
426563
213816
167695
207604
912737
583636
241090
820042
371953
690831
873832
458980
173301
280337
346854
369746
639109
534566
558275
929865
712565
829218
955148
667825
167549
865230
295036
712951
509287
466759
874215
136112
785651
338214
593860
176606
634576
194080
391928
799337
467378
765974
868278
654774
365261
148755
831593
598722
224265
457367
190344
393738
505235
148259
728123
594590
30257
335273
948014
54841
812126
580652
22372
114213
141575
144842
500996
292190
831716
348822
678354
936340
456698
698031
89941
481895
180251
304254
949048
384462
310304
26387
415792
658101
180061
869717
488314
440962
802253
898824
879953
749676
713022
925154
974663
101292
625137
251746
632121
674457
947799
506151
910099
964796
414955
227675
77938
708249
300460
380819
752546
278054
470467
834196
659809
912119
849418
140807
637968
279111
700934
278153
845486
582667
355601
264055
466217
640769
481601
490397
667679
51847
867501
964720
792195
604534
762036
11902
931835
825778
949409
140195
983421
333281
646071
122983
986205
849679
576639
989003
171574
75137
468836
608766
978778
694647
300360
866567
139444
652991
102859
907362
151617
611908
490875
251068
132087
489768
200743
602076
980725
578447
365719
625146
107449
485665
849973
835690
364631
358834
445868
978647
82108
565414
164207
229634
719013
562023
441027
752727
801093
710084
920957
911828
364567
658577
224980
513095
988263
315251
765179
545718
982937
669812
341536
488842
278616
621199
311403
709027
844178
905979
156882
94661
492539
220214
587795
239257
344949
580880
451563
775089
531069
118319
714411
438161
888111
136001
865500
443728
99400
295903
856882
165937
818502
346901
844371
275514
679153
878656
311620
843434
346922
789319
81569
310614
853373
120565
468632
703675
824281
551938
933209
113662
553093
426030
930558
804401
240832
381466
921552
875606
216729
370080
144585
741555
120234
664915
186262
230823
47137
94288
394137
965351
584554
759263
381144
162859
810987
96540
911173
878418
992241
630893
360134
860105
665612
161783
365748
16547
927674
189518
831196
845509
736728
619808
350309
678763
22961
177019
248043
664018
873135
941788
22491
324542
836960
265228
169385
313080
103337
910761
667236
277323
30222
138396
360877
112164
726105
442336
415967
859606
223247
204797
449265
566414
299448
723421
284918
548429
969920
238066
738306
569701
689423
74656
689416
119985
815046
550393
33910
306197
618801
738346
627180
755117
331229
799781
35843
574429
412001
577435
187640
711338
692678
877837
820600
490746
368312
522554
503027
717836
191891
244748
675086
874363
887348
84906
801109
761910
296166
43931
325359
286112
665980
98591
602051
650779
658478
699399
563002
695756
23243
508438
103650
31462
272637
876664
835966
881584
582476
267580
67839
402640
13029
463315
668876
385428
892978
183794
855320
678417
425142
955490
773869
391995
716093
520846
253098
889129
113374
970576
463440
568934
571207
912851
823882
803855
732860
308140
955957
428173
807909
661066
454617
228126
90472
180226
567596
76720
726152
522899
235148
874468
957673
348093
796183
659458
825469
823605
975777
496215
246822
493473
217069
506368
687019
963784
290161
732700
976079
298064
164061
402573
374346
569256
646478
309288
183265
632292
821572
600053
727320
113724
350503
75480
371910
467563
885929
244829
723031
683946
618579
810959
156287
513554
258976
296239
889344
268850
604866
645228
414801
494281
944737
474820
719485
761381
603317
240873
234446
840732
562590
991298
830257
993002
72614
935283
392150
330967
755847
904659
213443
100405
302431
853123
235765
736234
11296
863565
352831
122461
820688
741036
628238
483556
73519
308178
195773
40278
591623
451990
393460
570103
864449
128323
252127
513656
859242
319999
279664
725776
103288
80121
42550
830414
321858
258142
334997
828454
148197
262078
786215
286410
646434
623760
466941
820719
466733
850410
322440
517496
859485
761988
327333
149038
196406
38035
878188
119636
113408
487242
846577
555542
474678
504752
411208
628210
575730
721232
503529
165531
377957
86291
471445
258840
241707
954904
583007
217912
872357
523256
433919
250056
407628
431093
308892
232645
700191
968996
866587
378565
219142
277686
48257
254913
741061
877417
206747
639646
136105
857030
898800
338848
523897
187751
255465
651114
237481
198395
107299
597567
419853
621771
41471
707945
292544
880343
630492
125192
455859
676697
85754
533068
705590
759316
760578
265863
52636
24115
262395
44254
888254
610696
287425
750426
970221
246213
176428
806734
540138
329213
152143
565834
648542
824953
205516
858173
783824
147700
396378
724161
765447
761779
159128
789464
693251
420638
37197
574039
956228
362832
64539
222619
46258
757636
941240
264218
527522
419978
143261
435261
311276
869771
850293
817263
48730
273997
749542
770466
477386
519236
605943
404702
716105
102059
207386
532490
99456
634588
354611
168065
680257
470875
454070
747135
933318
360346
890004
923791
147366
323039
204369
749856
405499
660708
94724
20281
860350
440275
376736
380808
637222
786302
867571
918240
93677
384387
925556
464300
108331
842438
70744
562829
221095
312223
225524
916614
610509
893276
615567
562794
329401
825405
811115
585609
445774
349676
955609
985302
473367
504980
662647
134444
127619
818944
351034
878128
65118
329361
136676
458052
795973
404746
678673
904280
142530
480214
477133
997045
996192
438736
392819
404139
883298
944651
278804
162613
547759
649876
188640
484016
58580
135790
204647
953547
200926
785657
373217
891337
225648
515972
279216
73125
376465
288590
798000
268220
264090
872646
131343
202844
24673
848212
711762
266151
284476
161724
332188
509968
22819
755259
91122
437750
208984
563558
471728
844791
636248
397458
470325
890366
497839
812007
227882
195256
261976
739598
547064
418503
426810
946158
36593
455695
556238
418846
470688
791537
450723
897287
183156
948881
813424
686623
925114
492222
278387
332631
865084
764146
419151
813371
208633
929243
232677
465540
125220
856006
28121
513139
166355
298503
601422
104640
682929
53563
86635
639679
552927
875456
760847
976045
769005
198956
451990
985090
167082
335449
663087
568566
423534
302722
867286
992439
630660
17524
378276
368276
989224
35329
734008
407222
949479
326874
430713
820679
794988
196181
680482
724350
340264
719663
152288
787149
357549
238306
883887
223504
771381
150692
784916
764224
597851
180011
749637
207466
298795
816013
121169
215149
835473
136071
176416
577832
115984
197863
65194
919052
214361
379318
858038
435914
238013
28410
609672
326782
512867
230842
105374
806362
816286
175908
67720
455255
301863
675887
781986
557420
370072
998032
648735
859885
580402
448038
116717
68908
121409
619251
648257
943179
480488
10377
15316
984550
649891
459252
923482
575989
489147
138231
430983
533571
637490
855165
743126
721089
858061
466519
99695
502555
309044
557716
820669
942959
503980
579186
437602
762940
416820
527100
579903
934380
73563
682184
365374
303994
296844
658465
669302
281484
307128
896058
528814
496920
205911
956553
960678
341185
139091
681672
783379
306980
844865
368728
850409
799227
823138
65800
949938
862425
682440
647218
187909
245398
161061
593827
677374
472464
177752
695512
776734
206663
58856
759961
127138
108939
592811
954096
166395
475454
48049
515604
546926
823593
759535
59541
415560
761470
397017
153092
477438
580943
317028
436374
103999
478481
371994
280713
803879
320905
96692
666374
613063
332482
527923
671277
902984
913764
649973
317377
373995
263420
570968
851093
33558
237940
188399
478568
123847
673069
194461
173436
503136
313319
233577
104439
551958
133214
368138
984228
936491
373945
371538
456902
703943
187750
768952
948456
310711
711049
381833
283184
968883
56855
541770
643668
585343
609257
550185
247256
23356
483689
146736
694138
525289
867610
157236
737032
52575
420448
695808
953015
442341
975163
290369
908775
151740
483716
900253
107888
557293
564312
658205
302441
107743
453092
414920
448957
263878
365320
241213
827186
336945
687573
212445
726715
715772
788252
456095
404598
13402
190458
467853
438401
532392
633103
999373
473342
893383
181307
990707
433313
338375
554905
52651
433105
937874
840197
513101
391030
691737
878994
156323
947248
26683
41210
147049
840246
518915
751747
930000
888432
518583
207026
411280
882328
472204
217873
204932
194592
70919
307227
988557
181487
22650
217849
767357
613931
831988
774837
11944
634635
720385
16309
979469
200974
342499
222336
860571
878241
156434
801249
817547
274004
855675
910135
733639
800956
638823
990957
411613
212762
441541
315363
172220
762537
652904
344080
340278
951835
698657
743162
859154
894482
554687
795849
230499
652823
155713
332514
506891
485878
819874
87576
984418
303766
838854
887259
339832
114321
770079
419087
383898
744105
618159
361205
561641
987090
747680
178828
180587
872113
932857
221018
894324
130157
142288
953624
180310
474236
355758
533252
943467
812519
281870
927981
483171
290584
343945
97299
242163
853558
12262
811701
155964
515536
990067
620104
180512
28515
217412
425807
463911
813309
997819
399266
595368
889074
563120
821945
778271
345441
657226
313068
506240
645692
166885
642608
456570
35965
40403
45321
266466
860000
952894
181517
816205
841464
302010
423700
527596
249663
676270
130141
72938
861925
102007
788328
809755
763071
672512
635252
77328
285760
741451
732888
696877
225010
439054
325850
226244
45174
322548
506078
380739
814617
121998
453454
958462
376811
714564
506535
488414
212635
770861
314375
828162
239209
265196
766667
260024
711735
974955
714088
510754
371762
411222
179499
615558
811888
835808
391510
552413
201345
151125
132052
765243
239444
170511
394800
731483
456267
404216
491097
223980
149130
358878
418826
193292
655318
758040
416336
150533
508078
728462
553412
460024
146197
458878
411217
727398
474690
151897
651191
690652
864626
153553
405181
74863
845295
168443
839762
743307
218624
68604
612868
126297
607965
608214
18538
590009
478652
82835
984895
165400
788307
528428
530326
105756
675091
421150
56338
920358
79393
632582
517177
565542
327955
612957
754578
867290
380220
934510
21541
355853
707265
300706
570069
690631
687432
209747
23219
240014
672854
941785
35216
761060
667012
144939
324687
72723
612702
971511
274738
14542
673517
857005
763030
699567
478762
686353
133072
98905
141378
770735
619461
271592
563661
542566
611722
87497
732041
85548
956722
954403
315993
636159
579480
241284
108728
676686
110647
49637
636076
228431
633078
979555
340701
483655
58139
149697
489154
846193
684972
422800
877301
666018
266059
570489
334392
831057
904437
247895
861914
761901
381497
619163
101304
714287
233539
295281
279809
160000
515745
508197
917644
625437
784421
42602
162589
659914
118116
711703
999515
960840
172449
878915
955201
204007
743265
42394
897151
219111
643311
839126
892577
89556
289409
186883
912612
803157
69774
817433
53328
901705
426347
563453
202363
422732
278395
864190
771647
767876
202649
440391
283190
923901
456471
907245
677338
486053
532472
473901
417512
172384
51900
401004
633413
644932
992960
700389
156639
15328
514069
555047
359429
568206
790339
646590
712737
327194
997003
766626
67866
118104
448497
752160
37917
41962
891737
716559
905920
531444
53720
263115
558181
723314
460028
423196
461571
886338
813627
683250
764477
504803
589823
854351
103996
867002
786979
67575
427607
993295
414441
518032
700195
180009
148100
79988
277959
154951
315338
611513
153787
713089
891615
920773
410493
26092
762762
758846
966087
998257
909806
640589
535675
525383
986971
600456
455612
911373
821095
569540
894368
417265
771886
807398
857635
873260
363394
87022
312359
686483
968671
106881
806261
381183
560041
711584
22745
497702
394617
512105
902139
358753
927623
893836
497494
652040
190738
810658
571490
19923
884073
457138
259731
426041
879072
769325
184236
227765
799219
175676
49107
262062
603747
77492
422534
883613
707367
689288
152939
536096
409083
335077
971733
195808
299067
426404
611923
65598
850524
618905
845056
311059
452294
910800
684318
184756
363958
141426
826755
809870
132237
912192
193876
771060
572040
321676
411718
447691
711027
222609
942408
263296
572418
928487
457648
177470
931146
234509
427050
158764
854597
543106
663882
22781
15331
726720
370442
598939
458369
789110
916171
429009
96973
926281
243276
543851
778219
69776
349878
190476
354194
513228
636759
758237
111598
157565
198879
226130
300988
171299
367489
939238
549754
204959
712754
261269
72747
854370
706747
449157
825225
841110
75618
146718
504932
574437
189664
246699
27776
381843
516599
519979
179533
375717
918413
974420
814458
712285
710789
236506
263513
451866
250272
938370
461735
545612
627607
373087
618562
513112
486126
471044
868960
716519
232524
384640
546795
396785
68607
404666
922488
678638
324962
780506
858845
725452
769339
42850
912558
564176
832546
83389
554634
574596
995962
340962
458710
31800
745483
928315
821607
302196
467861
126590
789351
753215
942035
124826
191005
812034
590341
266177
490919
143910
589256
545161
334145
558775
828717
535455
889268
997181
786036
773056
932239
326544
28813
201915
451382
473866
756277
308339
566845
891821
796930
79722
657915
961269
530000
988437
691437
269788
824973
956539
78524
709563
858774
71948
34389
649687
761157
252641
924342
704586
689032
554807
605759
679019
515757
349161
83617
586341
187465
300628
521543
568195
766656
832495
623159
852118
305365
661811
38393
464620
197836
16872
101635
56342
873554
633357
945562
168487
709949
36436
555676
684479
758667
319537
466813
961746
384106
317306
247953
511949
803279
361358
51822
937562
342376
379738
210719
195760
927058
65017
374336
409039
381629
550385
460837
530008
668303
417384
543728
538386
47750
414280
614088
836606
402121
46136
643611
894192
255708
286657
654301
217835
818049
174010
971271
467428
315583
682572
874648
242454
247011
902622
112367
289272
240418
81112
884343
795819
275882
999065
939765
874089
510579
116581
254666
958844
759410
584106
117302
259980
283968
319314
824796
607213
122332
859253
183503
830388
557775
579973
493257
466989
314755
323318
134607
710206
778248
991651
844797
438821
853491
494384
931565
917115
645767
716108
451467
638668
933646
768799
414372
303347
950038
271366
910072
155165
611035
75158
825560
225312
714574
760910
382928
946787
594060
57852
945788
419308
619201
547036
38630
986333
402175
313112
975800
371440
648638
112711
544316
739256
188263
547365
651768
676074
49174
560945
836289
737414
702049
486688
543368
592608
963946
252873
261803
607366
832898
137575
81930
976459
971974
470217
882700
195778
574776
58025
611833
682984
231032
517085
744133
494884
151023
760465
649675
305507
744372
795264
208615
556753
51810
608656
332554
849277
904022
758140
506618
257636
527800
362730
693741
494172
44786
800391
45537
986140
257019
555646
659218
729718
877048
578209
252720
432074
765694
914567
292630
285958
700802
421871
875232
525787
801535
995017
13533
42068
143701
348442
334675
857242
417396
300120
305981
354983
180413
284242
264672
653776
930789
618211
810798
921346
615708
495713
645516
425210
644317
231460
709358
30787
80535
239131
999766
729264
963530
794365
614097
430104
783134
525760
47742
751953
757812
956568
802530
583832
958168
386975
390788
319051
994070
779573
594234
123337
516172
833023
321257
745979
586215
579704
614746
984502
529820
274323
545359
65840
728427
842012
46723
892410
157802
651968
636119
839287
445596
410353
701434
431555
549242
656665
149438
972265
223445
931101
199067
280089
94580
526710
859522
993931
244668
384391
295378
215105
862546
907755
788655
463851
436353
13164
988089
291059
273475
142888
958169
517743
374118
278793
557963
998883
180708
279153
293042
365434
822692
532603
878205
993263
179020
376574
650052
271765
660523
362723
358935
641034
817894
268342
682979
495885
937051
71343
133177
155477
254656
523743
280720
524201
473874
382218
273352
69575
596657
671379
191525
828755
342109
999644
96381
193876
550132
544145
298516
461317
988058
912674
219859
460551
417971
857494
518337
627551
120901
442156
962576
893222
701067
73636
664080
94494
915319
749039
884168
961744
108741
847776
201139
923764
505305
252708
725475
369152
225801
843978
745664
928946
856631
922286
311723
649927
295260
789369
262868
363386
960232
882764
640351
160313
692634
749073
982323
84729
490743
894754
270551
197249
674936
369843
82499
552230
462241
593729
780106
129813
524217
708071
228938
25594
656613
469285
431363
757523
764242
158021
878379
606853
683116
679215
727138
901805
621560
747106
779972
707090
635888
68945
395049
48426
277690
117485
952924
30592
976201
848628
116535
727166
627203
829691
193218
696703
972731
281886
371079
838524
564915
110732
937616
164079
202613
822749
423186
305984
582898
871191
429141
240804
877720
830579
600389
325293
951437
989727
273088
322621
334121
199074
571936
645963
235164
949166
651430
507734
560109
887791
497029
602364
143637
299508
745566
232335
444345
920752
670963
588297
483593
155868
360741
990197
679441
945052
909402
348816
729464
470552
961264
182746
193520
869391
715809
875039
843368
672935
825310
462643
577744
205791
132110
531266
496645
368633
895865
348260
511032
938661
62132
137405
595332
535604
878563
629127
523245
281006
861621
981697
174541
220331
952602
849145
888855
623357
868471
765985
197742
578279
788624
485642
921218
443228
206704
981321
138636
542903
792504
616608
803070
225623
830029
887204
719140
643761
362757
733152
870875
842911
129040
605398
352088
338743
988656
223533
982684
368604
40674
689476
616616
584068
89954
932626
574590
233040
918436
424041
382625
859094
589321
22384
272012
644113
613321
529674
31362
456864
348278
147822
732474
276676
907796
540786
537895
71765
760011
293539
723139
945453
981097
776647
294076
894220
446594
602194
431240
682717
630199
40087
287019
998779
193988
340872
583024
838162
729939
818234
218414
776981
13640
559337
262440
725520
93151
425040
66960
843310
892061
736152
656004
514520
58441
469959
458885
709927
198108
790555
153197
879774
148120
391715
237968
700998
586745
994315
965603
142736
371507
161701
702511
666937
409494
17349
69395
199068
252991
124150
984673
715662
316965
369019
748319
203875
450353
208127
836463
243545
747446
555665
976151
67709
456010
360719
592463
34028
613533
104041
409637
538229
385427
256528
682573
13941
295776
14508
120477
26350
407547
270255
639415
246267
251460
397303
284197
835120
72402
809375
86632
24513
78653
43995
891363
698037
600246
264036
475872
223921
218796
359548
654175
444658
678931
400023
602086
932141
651282
89376
70357
650650
565050
155805
586832
64074
374230
503246
527717
788068
718838
23240
969121
988476
766764
938587
926841
531227
393922
299936
493287
200698
89404
359094
473014
437036
289355
478772
900292
689364
102637
945491
472739
975424
30537
907707
508150
610231
192582
130426
490629
60157
344810
384857
929325
214957
410304
256250
140291
290819
109320
336379
863813
258556
989234
234670
43605
132258
704428
722235
419989
210322
496747
181874
140085
405794
426886
791848
304340
776010
488029
170572
571772
153991
790343
278374
840385
408837
157852
934110
907537
113399
759761
911158
520520
597063
776767
117467
797770
115718
959301
405336
170629
601626
35709
207816
155363
303426
616919
872750
939474
334394
188997
156133
936678
996278
479053
867453
949116
483493
962266
484344
212330
922389
792021
746061
26505
236275
497388
52276
459772
743096
787757
955404
261894
39885
446641
19032
891698
260666
962398
131336
362820
77676
436010
785391
31237
462310
177470
658925
435219
311905
987497
299519
782396
313998
464985
677145
846447
923147
594506
728097
631020
219222
400862
62850
415194
275814
495547
276110
904294
109863
201123
928456
505461
842691
785033
509080
304017
532547
179545
917026
196038
157107
761808
584613
900505
78922
668136
130816
979650
497940
80809
581366
315814
873356
731179
134661
82249
465074
269174
545798
230518
412890
945014
181835
451933
569682
749079
736905
762712
305392
647217
660212
328209
218519
365975
621380
446844
31365
135394
349787
662177
387875
180442
534155
970326
125570
287439
89214
654453
120513
674573
368874
35946
781386
224716
94882
164531
657966
39630
211487
469705
943287
391782
987658
633349
860694
661410
242618
910172
843386
222071
151792
933814
572957
866850
855887
761995
265386
707356
436110
215815
491942
56229
612333
210427
36590
406638
167904
200449
97777
834395
501608
510567
982541
164738
267637
396159
678373
769903
831805
324945
275748
631351
55174
217739
903049
158262
477769
294440
876222
801577
234256
990315
428498
961635
502161
983511
535105
129723
935178
111845
930188
845449
261880
841529
103011
203561
612602
852536
344991
680333
568558
123102
817840
405500
745138
315584
129830
837102
567959
959737
203604
377707
601344
873354
849100
229997
954563
356424
10481
571752
123574
865843
20624
617994
845725
750830
364208
860200
136613
323915
385599
219619
418595
47892
250612
757444
419676
856573
602873
870168
469938
178467
812109
803409
413872
491337
444125
519663
535186
271006
49084
305174
650681
660311
641696
699531
816359
138889
429902
885573
417102
916864
666108
291301
228902
990847
525466
179680
918606
922518
625165
489692
864672
323293
429589
945810
381616
321883
714319
785663
651554
610109
96428
103100
912245
212354
728920
957948
103881
985403
726358
45771
362907
834499
61755
527819
13645
383508
885311
403761
167031
425299
788971
628532
378955
979312
194519
576164
352419
642141
982866
333562
807570
121614
893070
580586
840702
629586
868869
492093
513298
355065
510707
966670
656856
508507
627535
938655
380013
468249
612374
268011
104715
478876
636156
179341
120160
776016
393559
544221
854139
601498
228573
919945
157599
613874
255899
361644
422470
341816
713038
434707
141421
710481
131052
282512
702641
270570
188844
872719
274146
432634
930693
202115
173249
211304
109245
617007
116481
401085
899404
605434
653574
69192
711856
99080
984515
65177
699231
600900
845158
248938
578190
565381
307305
978580
181986
801827
474153
812045
535643
996011
106271
845792
289260
462785
180932
954572
817645
394949
33829
919767
48430
504127
519882
274638
200547
961275
304272
633075
466499
481961
718989
194435
49777
51362
725197
824314
10312
206099
26024
345809
801698
979998
620379
318459
286420
681058
447354
108011
764405
517216
412839
181049
342046
217185
71502
541823
77168
179548
801280
958016
468479
603073
609804
762820
353261
40721
442290
542158
317911
811246
983308
113169
429442
791814
358795
927545
293339
104852
466432
457868
175297
606933
540395
653208
826468
276790
964564
636572
500472
320369
802140
89050
166047
364620
328306
151267
560101
503329
264642
806750
35560
384750
271287
965628
253038
365775
63698
354423
512371
536127
630865
674913
754771
121558
403046
668104
910356
130394
785863
710441
831828
968020
226974
401354
240557
226724
765461
454461
305927
817392
822892
738732
242606
483675
418030
31557
620820
994574
169769
824716
375415
207008
158189
133704
293645
72693
329583
787712
562119
308427
259321
944311
414662
306092
504735
456693
616368
802496
491584
81170
931335
657721
627768
324455
208905
989717
478639
978260
783787
348292
711039
213961
613756
250434
745403
481201
697103
879021
395554
723888
997475
238733
70070
575942
344721
832163
614147
414459
738504
680430
392873
551487
230445
750062
359082
451683
999115
884334
539694
315159
996441
524259
169126
666811
478525
220344
559310
748402
165586
720399
719354
353647
305372
946954
935753
573526
739960
641814
597097
521375
445661
965789
943541
514856
338015
500288
796024
780548
945010
436616
412412
400182
875750
724048
150903
847193
766868
190825
840895
409744
133876
933354
420935
569672
489312
734904
88898
333287
35273
157728
751080
319426
16459
234578
694692
724106
944755
319713
877180
741438
708149
136118
225120
254171
262888
171868
251827
691008
433656
879264
359952
609674
933292
295059
171171
574444
531038
173055
613940
484729
891427
658126
364997
985105
743381
488496
167039
90919
151871
614212
796887
780330
626715
79030
971890
167529
668112
599404
827110
233293
760865
637639
515745
375184
824543
633526
197310
541066
105023
443998
895444
973279
702042
527471
424059
332398
930774
461428
920813
680253
131203
134460
370433
166149
702601
289018
150109
871885
520814
136040
257989
981054
905033
78762
811992
247629
280792
963713
714209
744712
182468
29145
652408
280957
473291
481076
60709
357390
34798
551107
151461
534281
403550
811180
709071
667215
166340
622160
375698
848193
751917
567710
718046
318886
856504
502219
38172
754362
710632
283413
856293
990126
528698
178946
794246
795016
611697
452509
23158
212903
653996
502404
698426
980746
732869
562078
53946
620922
707404
805495
857247
267337
887522
170357
67704
249320
23713
693561
654415
841502
458927
825989
79505
24439
576518
826484
921399
825883
156724
772033
997504
165485
656284
198695
51657
32491
513314
273300
752989
244386
132099
59764
823808
871135
885800
122536
188493
404749
843958
44687
738124
829372
764822
234635
678421
40654
988558
756268
576786
949098
272437
726092
267998
873436
855357
358428
267406
533025
976100
414712
899706
429469
288201
411151
602097
555107
645928
508697
415326
271768
433156
67441
691846
865337
619656
975619
356739
453320
651394
749915
458311
701100
288000
201366
93418
367507
109988
771733
469228
640512
518980
476616
996630
312827
968526
134164
346732
292520
862638
904709
113784
474198
543811
693969
794297
315345
202636
846959
883999
611143
775554
926440
338958
79014
722908
452889
187910
580961
775280
63169
165433
185226
958298
286920
237980
317868
131255
298280
705574
615803
397925
780917
63946
141109
193103
805653
147117
659056
526176
213710
411570
65396
936411
658330
115748
956326
451707
143323
925806
473786
585180
481587
709592
541836
91357
437385
574473
898768
838765
449142
229518
753735
653871
706499
450754
58128
783915
126476
827608
140908
904985
710047
410007
84131
161501
563949
693449
406332
906359
973582
78476
334280
118737
798686
482242
302642
697867
474348
971730
648957
34568
343777
854140
792136
802428
650658
303506
800905
720268
69893
790844
141644
648075
594294
171613
518317
681120
214248
920244
856711
431977
589611
838461
350012
938454
979518
57452
173583
389491
580622
865307
46290
608736
134372
927752
210794
221985
556582
441111
214896
419826
198267
401098
888773
405332
483630
992593
81528
522707
842948
16515
592817
637885
885434
911213
659753
588018
289517
945208
352718
465943
904391
522726
508094
200860
694907
708339
652308
216319
459482
66581
421038
91100
275611
220983
464203
741854
316633
424444
27372
977076
250863
744828
509993
497791
964886
641523
429240
875317
233266
301986
78831
992008
903749
889444
66046
442911
770960
159815
413581
943191
158936
921991
664008
235538
930921
825305
496619
82082
684355
805176
877395
154270
38925
521223
184704
951854
933498
637648
614293
641367
46795
94560
608422
460726
282939
72001
679347
308222
230246
855718
844074
257950
919719
254418
312462
770404
93002
567013
734699
939680
697934
553735
206998
205163
657310
129287
68211
496508
128518
584427
950461
528024
729397
673105
174056
120906
337941
185065
826752
328738
534353
782509
459202
837441
596128
284566
753135
14643
651485
962834
670520
476151
382654
118455
262691
448307
995141
205523
625098
239848
383619
687011
634496
130052
545136
291846
50663
379938
496358
979190
513713
646555
650323
418117
742023
670562
434007
990530
349595
950478
29465
890352
920776
586751
493407
501654
250562
560827
327833
771822
330295
633405
869616
521915
788084
603479
197940
381474
470953
154510
775803
960650
326293
894029
805960
533443
505422
818490
61622
967796
528182
338872
995040
155061
125488
529725
426034
568343
948732
122204
441367
975605
690544
137940
128158
73342
576659
655496
79458
525355
797589
144814
457388
787725
713371
580510
773306
466485
96572
660621
985993
343770
36844
736670
994397
362812
653877
954182
94503
271741
518980
396848
323376
72838
59313
372130
819232
169422
231231
185434
481608
343468
659923
638388
894172
193132
32251
884654
331294
811420
58101
41434
783703
847446
489869
437877
414353
292663
764664
324317
966552
442603
870235
869022
551878
694568
13293
836647
140972
828536
693862
398918
326327
471254
884367
381540
845007
858001
83053
211439
501192
159923
866608
916667
404706
746049
995997
926819
473537
372395
311503
224771
319479
255372
734754
636843
971900
229202
920030
12542
738935
499708
553382
752332
91254
53537
123115
119851
416551
406112
603812
318970
352746
817841
890836
476089
867414
728953
91834
15196
97212
689301
498062
609862
445747
411220
487646
894197
551241
309487
568948
465169
634526
591731
292766
959879
154416
655107
523549
236301
36968
779064
628863
832764
539043
571450
831349
510138
30169
585055
191789
330385
52144
649786
504087
308482
129638
987891
967009
276093
463078
487038
529827
903607
491993
761472
115646
229031
339525
42697
655005
698118
607345
903446
128196
757273
712467
911309
837905
932327
909142
915122
115116
768194
677249
471535
235946
707128
233761
106020
367728
571487
335484
664894
276837
568588
930321
633157
785367
349411
659431
97974
978654
295569
441785
771679
515176
733789
76983
627306
255448
243025
372712
561360
446972
668052
274241
778915
971781
326857
349830
322917
420853
835378
266855
285589
156572
277414
374912
816464
283433
978794
684715
124813
419577
536381
593557
809526
16064
263255
409521
166319
31133
680225
21146
365018
692060
238406
441536
833055
395286
377254
615033
969667
605235
31656
206071
271701
522719
666009
56394
721657
236779
827191
469838
47413
993541
618058
580771
527028
188017
248026
344807
915686
261646
287356
159898
219175
119152
680419
221903
101616
263388
75029
386283
299941
917350
514055
261494
730135
444648
174222
946035
833661
399954
839394
526314
861494
230302
125735
417724
753373
735319
400865
304734
789914
654908
646669
246857
877899
646645
278032
680547
84783
496573
76091
734926
659380
565435
92975
246696
873375
539860
21652
392271
919374
300432
413225
31541
36474
605380
536112
51077
783284
785459
961275
531284
424147
802767
349436
454317
329681
514551
827887
706254
774188
880450
823627
722147
67674
582523
443048
164706
572058
830033
625153
288304
640372
193538
922833
821692
413192
560405
332049
781841
150478
839165
515320
872778
254582
456743
82735
499502
57582
791726
565032
362863
70329
33040
266641
28690
921220
828752
426574
85091
56938
103210
40258
78977
471784
611289
364054
445413
917494
28017
811708
58605
814155
230786
975215
115790
249694
852990
815523
245743
210410
577467
124154
374834
735597
297133
429420
773317
154657
976357
85295
138064
578998
398040
869416
406565
945680
309823
933128
255990
954856
179063
496798
385258
628101
220277
680867
185230
668572
484987
672115
90554
512084
775745
76864
515914
367686
24078
887607
498138
690038
256892
435728
637773
578457
941544
205470
261553
599740
714821
182700
465163
983424
387270
910096
547180
137578
998806
969433
265640
521173
661934
834038
321124
446673
478758
221830
396729
650564
27459
750124
97252
892529
796029
888513
569832
590808
923169
103401
400874
968228
542896
35365
85131
350814
204449
471755
805436
958309
439804
415890
773631
948921
869962
397481
233999
98730
202335
949487
287253
64223
163240
938568
771751
922216
567792
700629
120098
554155
327484
126015
390298
632468
61040
899947
600263
168315
428246
78307
100065
458149
942719
193982
788406
511835
621204
645749
260702
575823
132986
722380
555564
150550
494466
123199
986595
348580
794127
109170
760970
252955
849314
442623
303272
181319
284415
514372
772471
238131
172751
316889
222748
698734
343441
754466
103485
723131
567436
206283
916811
804400
502981
385808
408814
544344
459231
663622
338396
916955
953270
519946
129419
820514
133755
435504
207502
899271
781895
838023
249453
162287
154623
718506
987429
738868
868269
246583
824845
998581
661101
892245
318720
243590
839501
841955
61277
337816
606975
564308
293492
616475
462494
932324
139123
192126
812849
759816
509276
495316
111565
331607
396898
560654
228688
284782
304520
448662
511091
112894
247076
821132
261073
609893
696281
399777
138059
137549
189868
865452
953152
122642
650194
21573
695679
628949
530980
50407
135430
856757
142181
271530
527725
29075
794121
555703
59644
569015
41273
484349
437675
106733
265180
843334
284897
528481
533166
11012
162320
935814
626946
636173
139429
266982
626872
591440
71099
598832
21711
491959
229779
41494
659118
983954
648296
849257
282139
117352
331772
988743
816588
960164
397465
731277
301378
145953
888309
554964
258649
451014
262363
907709
645873
850290
901537
225081
269832
520370
158942
458641
431746
869826
58857
127740
559081
207251
980699
925597
613335
569963
637019
633900
936655
56522
619952
520825
384917
355381
875024
171382
666228
783925
996061
980960
558673
50589
514138
878318
95768
272804
361713
759498
206625
622089
913859
919484
160789
644075
859180
929211
785696
950291
652148
519777
686893
895868
935099
922081
194636
440019
77588
238927
743255
986644
159484
598728
732989
423247
559043
262257
849919
265771
46679
248970
604587
683828
998746
936485
744457
404794
596696
235060
300976
338695
669178
556651
662446
774292
980232
718069
466898
410878
745320
28010
714362
90872
45819
913915
578742
709638
976274
129924
140713
609836
647733
586034
919303
714072
822235
343637
554451
544106
599323
512508
829237
158681
431544
67124
71124
597484
280292
699342
404919
130705
684901
560552
299591
823943
415147
432740
827082
633811
402107
29892
876557
611463
421935
867930
359662
546907
326391
732745
686346
662362
821617
714323
832097
56423
226121
167371
628023
714859
457648
870242
62379
847781
48066
518368
676703
228460
599384
574534
146532
689373
31982
35906
251529
79012
648483
182154
883523
653110
771373
537755
667633
143255
750205
43931
700472
519773
626407
860023
562144
816753
637743
541564
947427
756731
78174
894216
955606
525447
678928
834199
527553
678906
16942
454059
309323
705555
225814
779094
105926
919469
526145
376592
725297
31294
787574
819124
212842
309777
398120
450802
394844
26288
128196
148854
126109
279543
985937
722535
55012
821840
632639
959135
316246
181515
661680
954942
610857
890633
152427
620518
828772
632592
944598
880479
838137
493786
516797
705224
505156
501508
693067
167154
886744
295513
920615
358649
109928
359232
12928
673835
14332
626646
221416
333507
239181
980049
829961
924545
215954
372851
389166
22590
689492
987783
492537
255948
175899
406649
541372
73118
742819
898818
902896
805052
899317
886106
720258
345363
769746
948981
15395
936697
314826
630678
709277
310271
951955
869556
563515
362261
716903
552057
890909
245843
244357
803104
679743
96623
449880
788776
751347
420443
260851
97074
186583
25760
601207
946821
112381
791838
848073
162339
995640
787673
651837
373057
810455
465839
24361
916577
75152
198952
827310
310586
599430
439085
348742
456014
836424
227111
887598
240765
620143
979688
953481
204546
266982
123134
618574
675119
285620
497793
737695
196740
818006
146721
795064
279832
628292
57876
711689
682148
314797
910527
866970
344983
290395
477280
581321
78977
829356
401045
805902
366947
632340
363930
338697
614909
223300
505415
418717
731146
246828
513082
311129
319057
728369
338773
576971
931777
896817
290428
861889
118723
321272
964253
20475
738597
633288
132062
78240
957114
281006
790397
352443
470200
648083
80963
520976
550881
135957
730247
943401
647504
789353
379413
955412
24346
975057
755436
148095
226518
117752
605109
320887
465339
251078
349439
833993
358015
32970
478236
883315
45503
339701
850437
881134
631298
772592
428079
804026
921570
866722
720115
223626
479059
356087
398830
28901
237875
550598
884801
290014
753775
350037
109095
297084
318104
13082
85478
119802
246939
522003
991467
91081
538792
655970
14373
764859
790293
135218
119997
457813
665105
65001
395194
859093
137974
516781
887147
534367
27576
333152
775500
992256
701439
512460
371768
398983
246902
255288
278795
655968
492603
10655
816755
388103
804937
140261
677691
571583
906498
632976
943635
72927
897295
343485
920638
305979
247461
350929
707916
777425
64804
878182
796642
776357
812195
146156
945029
959942
881847
235304
556114
366883
165506
113465
239682
109662
828629
436768
17258
963251
261713
44360
28696
688484
452845
879607
644019
215719
705066
344461
178904
664071
99646
64058
144252
388492
281101
292285
935908
262507
296887
245165
879729
347503
732081
408818
947377
187774
974160
331916
543800
926202
319097
453981
177831
906200
639192
137359
460372
703800
544432
338051
800766
185830
883223
456684
485476
213061
575225
844132
173468
375925
149095
331021
389083
838186
790147
879364
437820
486081
630882
888975
941923
618298
386671
554709
198062
271248
595595
33059
70996
947200
213878
214453
475611
481465
130744
702974
876355
613066
127107
967711
715052
711960
373630
198866
765657
155524
126465
202283
287783
890124
845355
585549
748693
560447
104664
89192
403258
288233
793230
284637
777084
760480
548365
600782
351251
231021
126015
701748
451953
948233
106563
694537
369601
505666
822311
321284
356845
909740
520269
164798
400742
910640
412927
619897
270345
102119
788362
934673
825369
998120
462466
444064
607657
276527
120422
674113
648024
82544
170824
945427
622973
278449
718840
250884
583741
177368
52240
912789
861943
309510
122544
900915
237098
789033
710780
474785
933911
424625
27845
967061
324431
634292
654554
192877
203768
996066
863577
225761
209938
967521
682962
979677
302109
366451
130741
968449
759110
872368
831696
742399
297508
759244
169051
56033
204654
567482
149029
321079
825294
351056
165744
152764
406789
870772
200575
359965
476210
865538
859210
57981
219112
512609
879251
912216
787558
287935
738428
164330
643441
887938
331508
602318
12981
153028
195040
549089
66048
707888
971710
341118
450928
185962
806179
682376
526987
577937
549741
137777
437451
260038
842922
605242
281744
496512
600366
973622
472869
150613
693499
906757
956509
293109
258597
551544
934847
857532
105331
981610
674494
526360
458427
269823
112794
56759
647195
13988
125320
854055
361142
919512
62252
286855
123416
963722
689613
965154
390474
987176
654692
993964
531191
312997
789765
207547
396609
513321
741340
334055
453184
216851
390069
156715
816234
83735
83653
329310
797536
305804
386669
682010
485137
280463
315412
910163
94883
984713
11942
827032
46049
75218
138297
605484
995092
784104
24710
948847
66381
201014
333388
292391
878345
958044
942290
483228
737335
541230
423327
188215
914020
775540
585978
334175
791096
80197
147395
113142
878975
688393
848250
269267
860025
114535
956684
314633
295215
55790
648165
147640
491982
119823
698564
712739
452762
364691
838995
743957
126465
31273
919081
118158
839361
746417
667124
636531
267127
928573
423992
883710
691292
561502
967813
603674
177820
82146
682308
237528
542722
779550
811413
940732
209460
447157
680433
215235
722537
421110
566611
414200
122425
220751
321739
248102
635963
932715
249086
838757
44279
160773
949936
256400
212410
151313
76233
89307
105833
265052
995862
831243
785230
967025
355126
416076
509381
450352
705408
30699
859365
996223
503189
818923
604117
951702
229912
908351
38975
99416
221686
269036
182497
351352
449337
796572
722622
712117
792657
156115
980045
700817
127790
21551
613422
468410
747277
323179
647758
630769
264095
653020
474280
174960
440648
605052
360661
797803
246624
677327
92364
616769
132009
361993
481032
101968
297169
188884
325417
767022
75497
968284
720626
802532
883189
11777
332061
412423
677247
575859
223274
439264
322712
581456
665732
608126
529110
673450
989073
401057
594667
851370
672494
63861
673727
296814
126384
829454
750392
807409
144227
413084
321458
987267
935372
536377
123442
903496
960310
865694
805623
407067
946005
633051
887272
411479
974039
250161
199630
217904
588103
950403
471989
332125
469679
375842
422071
899161
816403
476307
413359
487654
345718
305986
495330
599652
55806
928326
937253
39613
948342
250377
547486
240571
61285
605817
848416
620166
374337
658625
963111
755631
979585
750834
614054
137919
199696
20344
892502
252911
468019
200984
607834
124548
275559
187329
235212
142670
699884
979593
917903
101510
904164
482063
929852
408118
287630
146386
380697
197586
858343
398644
281182
531774
204040
600307
385877
305454
146991
320508
177903
41774
624278
800343
479237
166682
846369
254149
181970
493335
379759
441163
56020
106841
953795
328529
227739
934120
903613
156757
720987
812074
473821
905390
455738
738296
402408
707682
859801
323119
509545
956528
775262
168221
366663
983527
696554
384613
675907
574573
487818
894712
839341
521741
62166
275859
596467
281621
17464
316706
930376
123982
374908
595591
25952
125942
532007
584577
892074
994326
638304
700540
327267
241893
143211
142680
683146
977183
454325
886840
469520
53391
39434
246011
760046
944888
454407
695932
533494
996101
43334
318454
766091
905571
139121
256744
777952
336210
323103
51929
954961
155390
737694
625915
759338
49362
280484
46798
58467
415524
965761
772817
556281
825894
129980
522526
822139
447712
794660
930533
556157
937733
248222
214129
441970
997396
284415
775803
661170
504597
898143
544325
544242
117597
996306
966875
608580
187716
763281
707788
16449
874130
614077
838041
572732
977172
597557
236787
994762
687190
998658
503099
291931
478827
707115
40861
69335
167130
906368
758874
207658
223020
630222
565194
362503
909871
33254
269129
14028
435911
266790
327500
162730
792159
33098
735761
217186
852933
42064
785832
965894
586489
529468
794134
105987
461086
336439
477746
181124
357750
463505
219415
799391
584661
26652
82280
125890
742945
371926
940652
344796
250769
755088
987511
766607
441019
892362
395455
449823
40048
542050
203058
353947
562292
14399
399477
787206
662413
283713
207939
619251
521555
564571
76942
114852
262322
452959
720362
455458
129726
512658
634877
247809
109097
205917
772738
760961
995006
241182
969236
96161
799579
384246
200509
972849
999591
376099
482389
495325
858829
62321
705270
636712
803936
778405
366843
718923
806848
214826
548580
361731
536131
337250
424495
613072
817292
998662
991751
383822
175145
207462
580279
922548
648411
602254
911216
377471
419187
592089
570590
529841
224772
123786
441406
202909
862793
972922
224084
414297
762227
80211
748251
191195
685261
718915
319493
96188
260760
40346
305991
173497
398742
504071
999034
777290
548228
470274
970512
289502
987326
165931
648061
244498
626126
886682
986917
499804
253990
302195
192979
977399
933217
748521
519120
956723
594079
325210
24342
482438
295519
271314
550524
58255
206034
127648
566312
24177
911708
713275
468292
921567
437691
956504
940603
675470
538937
145128
512691
204674
685550
197057
84987
32566
950132
927828
918493
826139
91932
246137
103661
674249
312365
326219
72876
606615
904729
315938
802421
359273
994591
521903
178886
548040
413487
272451
889193
502378
523725
76974
986334
367611
167970
410893
311261
362298
665525
10447
838868
488908
271241
371685
543288
778379
918591
83414
294806
370148
141039
302016
120612
174869
761592
474386
584842
320791
788333
692585
388919
352887
13371
230881
745721
390879
341530
468151
238021
964215
278686
816647
811549
880822
332473
639491
36219
551344
192965
133937
148639
739019
204303
703318
702176
562448
335785
398686
531343
572970
946449
978980
829287
121335
695035
335323
331449
736482
958259
514529
37642
973260
173877
412067
88592
414397
771383
708209
918039
990206
527082
603704
723884
637306
160860
367582
676663
209051
860953
39124
182157
819228
916110
568993
743442
358061
278035
108192
800911
601877
731648
185861
99361
755845
286028
732338
977339
96351
782096
582257
64314
829454
467301
248697
313354
158605
467695
172643
401041
524705
153231
568218
256607
463731
783527
615032
393069
666316
125479
431541
895617
558114
12432
351118
15220
762020
509613
219000
905809
466924
130084
295990
619304
586843
290027
598501
452436
900542
113972
844324
309607
194412
787655
205163
33645
131247
728783
676949
750467
167109
725928
279104
233872
659888
673973
92284
785440
324820
21949
645583
276407
448875
504772
506383
536203
652362
154934
860055
980217
555588
91888
761435
519574
495777
350263
989171
230711
573185
181622
597799
10539
803551
44300
416669
126100
248880
813285
391760
45858
30599
297955
167530
769012
200273
479291
415722
607410
693200
495559
740711
579693
610492
907619
615200
534405
422278
260332
466764
65698
494721
781970
213656
913849
806296
83852
354457
817371
418403
872728
476806
887569
561705
921688
247899
482400
672385
878653
636802
836155
10579
577095
594546
11500
787768
716287
406265
121131
27634
539420
881291
491833
300060
598491
475361
752855
285141
418436
253570
640794
396713
733531
674231
405351
365533
216086
525345
795904
46567
22910
534511
498280
767873
799383
549562
339751
215072
620843
612567
923673
38822
755483
23263
869623
31724
109568
584793
240556
597448
554305
179960
907235
896413
270174
52969
606518
910650
19221
815515
708911
305036
219806
80911
235143
54971
978411
463671
614801
933056
950395
386957
20362
780179
210208
771284
327400
908894
542725
612814
552431
79871
361426
156591
662331
62322
257952
554543
581338
886656
525314
892992
311449
63072
274428
41592
121969
748883
539983
799717
970125
258606
901084
407819
734323
332101
950609
249777
474448
475956
756687
195597
648900
55175
585936
550434
581214
450322
782727
955830
517512
58433
104915
516335
913242
937228
106143
193636
615889
128572
395242
842238
769309
211449
740555
215663
846963
973021
508917
253095
623929
993085
668325
906212
645315
129313
208618
614613
31895
959268
684778
907063
856505
58752
445537
707623
864912
638132
545866
612558
239764
285819
579821
593973
713743
383785
892143
799170
327943
283861
34930
210806
397253
966921
369540
771230
843031
236779
179973
90907
470988
603838
624751
870211
103685
328206
456164
145374
992188
518585
307733
442136
237800
696907
686438
821016
751001
99210
629973
534927
588332
914985
939030
830931
54231
514188
534706
829963
572134
696342
727971
995906
819018
163697
92641
761373
732952
287492
56567
384495
900539
769193
521460
798727
838123
810331
561188
652462
259647
707662
563226
926163
602001
878863
348389
572116
278688
489505
921323
487192
155742
454585
745239
253419
868462
334754
355547
505450
754904
644065
57950
413713
339616
434621
778412
467924
169705
967187
76674
361793
127875
110255
283027
43155
74295
581556
143410
856373
406799
577308
453735
944379
282929
568916
185689
243108
891343
811763
172599
438138
325272
532265
368707
264888
805702
27159
405879
643354
588608
157264
449563
740934
957532
887908
78251
827134
287486
299276
894942
229302
312231
520622
289763
210474
790743
965118
15420
532646
682772
209975
456937
791744
217580
877404
651145
543745
634882
528111
433818
448258
620936
654885
859302
24300
503133
370151
711603
275441
860458
21839
687796
56393
839351
301481
338486
149916
481078
786192
690523
378928
179346
713637
283369
978552
861806
913448
350279
866579
322072
598296
290344
428113
399051
383852
972615
787108
461857
659763
374667
742668
181477
982844
672320
781975
124729
244067
566108
541983
609718
26787
10539
62042
208746
851604
909040
194574
695606
878378
102940
832805
472597
523231
727210
829309
791540
916325
729489
792354
158505
356663
747523
671570
158704
678946
914138
734576
629018
470439
150812
266653
326823
839758
611187
743985
663967
593079
247145
771784
685856
208061
41117
88388
161339
165389
375500
285999
457187
93254
954846
221054
359552
225160
705772
830664
646087
816843
300737
371752
854883
554545
117274
578500
503162
54505
294675
880798
953535
912516
293893
942291
73178
245840
10057
372775
60107
314586
387347
982829
962788
541380
391587
215907
121559
849651
726778
561370
969421
658337
554601
785616
780900
290069
908455
53946
592964
461727
500208
936824
785695
63911
888021
490916
849305
194963
86552
395538
270546
754485
82531
478180
327335
942585
181230
802919
169662
158423
384895
687497
351336
98401
197137
911293
663648
659151
545845
113473
752164
303524
330375
466756
217554
521754
31091
23005
880282
530029
591756
331796
585090
876983
544020
712047
507865
658820
537592
437391
242566
147152
463161
671901
374282
766578
386850
899182
804626
589919
623745
42541
388810
827709
846391
767964
368399
799678
858124
313136
57936
61732
501456
726561
755588
265465
658754
867413
40702
156858
994331
74008
353216
482019
555544
965437
771609
371209
200476
131993
775862
836760
978370
727132
800540
508700
837089
456315
574217
302722
714463
343501
606683
74835
488674
871402
719726
281699
246194
831995
148376
272696
643341
879747
50719
352358
393926
169960
71136
479917
297249
156934
69859
86604
27417
261269
790891
802677
995188
950383
392848
644565
576167
978368
459184
591341
622099
345272
274662
380517
703397
146868
275436
294516
592120
668470
134259
817308
927574
765699
525414
975145
758252
726011
497037
712372
310206
332503
695703
311013
253210
477226
515807
881601
846641
500836
888091
223931
370728
110345
871365
490438
418056
558694
223815
176062
328672
992171
329743
202577
843764
124722
567028
514170
777592
275003
30629
691166
993162
900545
65321
278694
540288
518539
908560
203347
849562
827294
964379
199214
278340
577122
243941
788363
655660
346820
652815
151575
547493
583296
395117
511272
396035
947100
249344
825515
227707
385147
56358
258294
630728
704680
748443
221481
876842
899136
214935
946448
56582
46852
910947
763015
647619
971411
356036
87948
20647
201735
819993
387525
689404
764899
563257
848129
144051
646115
687479
455796
983704
844837
544585
690286
808549
702902
240801
225562
624469
218740
107617
448354
869937
12239
705711
67087
512100
944233
139158
189454
534213
778874
62684
87430
382931
49583
166322
558663
761353
577802
378557
658320
214178
716334
147545
792530
459071
275549
226289
719777
985776
582906
950973
362158
995958
628704
215450
128132
614032
750399
861698
705700
276112
722450
804496
413539
412441
783851
754545
432707
904655
977720
796576
205545
544915
47133
590560
977220
884686
644413
545914
208063
209017
474805
576348
914693
463312
837164
999094
943331
879731
342791
147580
598481
172744
776165
336683
476798
354700
540892
271768
241586
156159
83044
504971
589411
706801
717573
57901
304027
513519
428467
537118
46129
643803
688901
701609
957598
122726
603985
907110
300801
363738
904316
640761
129839
274951
947786
233666
761878
69274
867183
598572
533217
656693
584281
513935
481453
641396
630533
48226
177008
142239
286830
210102
771467
65963
804311
146705
284521
370621
894004
350041
591042
949314
934834
421540
308556
311607
156271
302802
573704
535911
725666
685087
208360
160456
12156
795827
660133
697116
796944
36112
445673
199528
152491
396595
534718
572600
760016
12469
16753
136035
896504
932981
631609
410439
820275
502725
261784
941347
589113
521540
955595
451756
307936
873641
229532
377131
606410
812960
508274
339110
75452
781383
814646
387988
26433
141396
80788
571580
57300
699425
426860
281008
42987
660691
370666
471703
795975
947466
67977
929677
974868
353680
752736
915013
867165
642322
866203
667159
314441
222103
80276
215260
785287
596124
944495
760499
232310
819011
10692
426621
890696
495543
362925
42036
291639
924751
660473
351672
143669
261483
793412
82865
53048
219390
116688
659353
806642
945362
701396
877403
473390
61848
697197
891930
166672
557719
646489
658376
422158
263103
786023
894362
476515
252110
589862
159422
402667
938283
830790
393371
62973
327173
399505
813215
293170
602705
704263
504399
277647
162029
148392
562414
429318
134522
352729
627569
846182
89208
296563
381970
254907
94699
768055
968100
676177
325222
75737
393064
972861
107375
58655
402159
543230
18218
382863
974360
740334
817498
124130
510854
906110
685017
881400
653126
963989
578161
60939
347196
891474
137577
431564
798280
670352
510768
234650
512930
268113
997544
855720
609227
775517
861117
683209
20804
454010
215461
271781
247665
411514
80118
630129
179868
611164
665772
379808
459009
583201
246758
489040
121845
432103
225810
389548
322351
406598
967255
289786
487959
150514
459543
814532
772695
274693
737509
118237
123746
187734
151050
540672
796377
72221
193605
109403
230747
390860
783752
357861
14529
129574
773603
891448
423195
231798
133188
84850
108309
810884
998123
390534
591900
580188
917502
133115
264316
927994
687431
847567
352853
584195
337922
186136
167305
772122
392206
292727
155287
627655
591148
77539
533068
804691
519576
236873
402652
704277
58519
199231
425393
210376
107489
716399
322742
702688
926781
885362
338888
426914
366742
984720
314119
686616
877260
600029
72371
975795
750552
151491
665611
855166
940979
25338
148266
820739
867699
615443
820406
370021
957592
617999
437331
63031
618936
675358
781663
987558
741070
521103
692014
335415
792005
306341
393052
511964
426803
981660
743560
371803
621019
540039
840526
859489
518152
872016
23356
210827
738157
672712
880795
121225
924635
624025
845758
503671
361346
778176
552946
724297
348246
991352
461982
739211
546031
848267
752925
580188
382388
900138
600430
613092
84344
674339
308097
805123
806385
468800
394165
694809
702125
33561
548062
349073
540733
663754
75608
697708
219485
793258
830794
984233
730077
717677
681015
76557
215432
298524
155006
56171
19703
69311
83280
939059
551216
707840
447252
50910
462208
67468
944780
360099
181732
520750
440942
306405
539124
734873
290699
207799
767321
682842
152048
644042
172489
835073
923152
215499
340380
538643
369774
950867
349422
952211
897555
393966
480951
776115
125102
122642
584879
680999
583528
294162
692845
787995
538551
985840
496472
579677
608300
387672
562796
62568
126448
239588
146554
28593
601344
380885
436979
382448
215655
396988
872606
649619
775226
603088
579992
225903
62392
57721
667306
446415
842705
537990
46553
791088
564741
990827
452655
686354
988268
909731
757712
47943
744755
558958
185570
680269
987636
641382
189661
771672
358674
548937
970982
858661
636151
66338
91555
991820
280489
467045
368278
18536
676796
357493
562532
904738
668053
68146
288119
623398
13058
262229
714563
889269
409948
387594
194718
479162
616088
969258
833142
967815
118366
417311
891395
633150
550614
160429
180197
437539
214065
82601
101887
487944
20487
182228
523267
537495
938283
808307
345948
48029
381617
92411
179699
755498
194385
594639
969062
888777
765499
334000
386216
71230
375739
102268
430052
622805
62765
743515
904111
475032
412787
70524
38305
467134
243800
309295
856105
635578
771473
487422
929378
166137
488587
21390
341071
802389
740013
528941
717260
352856
824662
100001
772563
942385
930407
648958
851173
651235
833076
276650
872191
368773
265671
653528
348498
475123
678146
431719
725163
32806
792971
325709
516676
184721
95544
187353
890799
987273
646718
768617
942783
558149
782357
434532
456695
268365
771692
52163
139630
411835
902459
842437
408615
252384
251049
489527
944067
40443
141539
890035
536515
105175
494261
106008
722641
379451
162024
891817
785593
632039
194420
468303
878699
333153
353485
188540
617524
912096
776924
803538
639968
122430
742523
726957
409675
900419
965814
498974
393324
128352
986419
73288
831918
916595
364787
405324
329630
940059
828422
874701
863795
331936
587275
951239
597024
709743
404780
456196
369867
18265
145300
377478
901765
515949
310269
270338
131743
145486
247523
875526
496739
846946
560260
795497
272766
14161
428607
321502
996390
540504
490030
789417
976944
920567
405365
646882
254238
427718
655913
108677
934433
340225
145668
544952
168606
959209
543355
947693
407289
809397
94025
545056
903460
949696
764256
256100
481180
653029
970420
784469
174167
104239
129579
219386
592949
516403
203091
496039
879562
907962
941374
236793
149234
448276
815668
224569
614182
130347
524318
348472
245515
27795
968997
613794
604308
950019
134276
911662
719485
57136
59870
924877
806690
307473
472995
566432
595756
486789
247270
197480
19147
39096
974265
717847
114774
903577
271422
294934
947088
725287
537681
671551
671050
306593
75632
760313
685891
960589
537368
890791
773626
67941
640793
90740
132834
967174
42123
600435
834200
248948
26303
188495
248253
235948
35119
61009
233640
617894
470450
192453
414041
406278
725174
97097
187663
695318
390843
617391
433815
168931
974467
515946
675244
520928
627985
714359
419744
185930
920943
716328
630751
870218
393495
315809
884805
822008
996024
935873
444927
891872
294076
428871
549226
550872
594015
983992
23347
305476
939204
614956
967081
735403
98093
46075
818223
587237
68407
560644
116036
705068
462300
741028
784801
173558
239760
517707
932497
534110
219093
157417
831989
936499
255796
539114
678428
91784
901639
917459
150603
384084
38930
665689
71789
466194
295392
897914
903145
234008
729416
617695
781261
800529
297221
278007
390676
584569
696484
963150
66218
920538
511368
243743
647029
200512
395005
15407
342170
162280
469520
302089
564945
487341
817309
348805
910749
387529
523239
721151
679970
270957
165205
630856
493476
220114
130859
453068
892764
200682
386262
200060
762649
174632
324623
308390
656736
996245
145876
239039
179716
105902
322733
650569
658504
778361
333942
926982
134693
392991
535356
446001
587444
165531
574607
569837
435169
677526
228295
87812
115428
761184
837921
867450
87877
624706
803879
168062
754714
653605
229982
608972
588186
961411
287035
270675
181588
520634
551947
366140
294298
89065
114665
275924
648014
994449
564411
432370
762100
338104
628980
925722
82772
711710
712515
103959
52962
45153
209505
685740
565495
677790
847624
289850
818002
347184
92637
657230
864287
104919
671612
14685
985174
160305
932392
693665
811637
685796
197584
753274
755079
897960
374432
22787
195372
41030
926492
894524
384704
906231
910456
962449
259584
395655
518781
653395
367545
681011
256676
175435
319034
652780
46532
131618
435000
398616
548838
454382
56740
61194
423891
19148
753295
853318
632697
949937
199181
806151
247369
202665
889164
681467
668552
771412
593409
125783
551697
594339
161605
896505
500726
206172
130651
985778
764698
911362
473056
940639
169032
514847
730466
547383
808608
119430
837043
952122
24489
802615
729210
24243
179068
682617
194534
244114
671970
175346
56982
660655
502949
690860
431986
302988
45379
347375
468000
587653
593429
85312
113293
266853
161845
531481
376835
92936
299158
689530
13080
372205
708828
223321
230525
917605
837223
642363
193404
543997
394866
762952
835862
575171
238987
290687
991646
736189
957023
333658
766059
564138
758709
920121
558518
958249
382566
22147
723250
967838
823916
144302
825902
841860
958888
314247
560473
893624
652503
831130
199114
528329
602806
306329
926564
803787
855886
635395
677809
884935
549991
558273
709955
169481
925745
992805
12474
538414
78530
344010
611760
773773
447234
995435
355085
360301
233279
513795
979631
152660
236832
41247
451187
330693
519436
116986
405526
158723
921229
18137
148576
84179
807427
823445
379022
736559
703205
739236
84911
801922
230608
788318
870236
472155
466088
273205
157889
311863
62414
97284
115890
896784
855271
456120
869597
39905
742886
837004
778258
207445
258602
462928
609344
718293
802028
442409
228554
845681
255806
377836
146181
624413
787450
123892
330013
335673
78857
66172
115400
531862
831668
539653
450141
800514
734305
433627
170322
769013
900180
351023
148133
244670
585160
997591
747885
236663
206258
361267
779638
49974
473331
758616
940703
398963
142676
537805
744578
237655
420892
992042
397164
247409
539577
822676
58146
934621
197581
274477
731735
65447
16400
565735
749378
347616
407940
243800
502200
439767
527228
268016
999826
978664
464976
952563
655275
89245
618258
563655
674165
303001
255102
952048
307804
219780
195964